0 0.8882211538461539 0.3629807692307692 0.09375 0.09375
0 0.12139423076923077 0.32572115384615385 0.12259615384615384 0.12980769230769232
0 0.4182692307692308 0.4326923076923077 0.0673076923076923 0.0889423076923077
0 0.7283653846153846 0.4182692307692308 0.057692307692307696 0.07451923076923077
0 0.16706730769230768 0.4326923076923077 0.055288461538461536 0.06971153846153846
0 0.30408653846153844 0.43509615384615385 0.04567307692307692 0.06490384615384616
0 0.34134615384615385 0.44591346153846156 0.03365384615384615 0.04807692307692308
0 0.4543269230769231 0.4411057692307692 0.03365384615384615 0.052884615384615384
0 0.5144230769230769 0.4735576923076923 0.038461538461538464 0.05048076923076923
0 0.3786057692307692 0.45552884615384615 0.026442307692307692 0.04807692307692308
0 0.1201923076923077 0.03485576923076923 0.125 0.06971153846153846