0 0.9074519230769231 0.39903846153846156 0.06971153846153846 0.08173076923076923
0 0.6826923076923077 0.390625 0.057692307692307696 0.06971153846153846
0 0.6274038461538461 0.3942307692307692 0.052884615384615384 0.0625
0 0.5228365384615384 0.390625 0.055288461538461536 0.06009615384615385
0 0.7680288461538461 0.39783653846153844 0.04567307692307692 0.055288461538461536
0 0.09495192307692307 0.40024038461538464 0.04567307692307692 0.04567307692307692
0 0.0625 0.390625 0.028846153846153848 0.036057692307692304
0 0.2824519230769231 0.4014423076923077 0.04567307692307692 0.04807692307692308
0 0.390625 0.39903846153846156 0.036057692307692304 0.052884615384615384
0 0.41947115384615385 0.41466346153846156 0.026442307692307692 0.040865384615384616
0 0.90625 0.007211538461538462 0.07211538461538461 0.014423076923076924
0 0.6838942307692307 0.008413461538461538 0.06009615384615385 0.016826923076923076
0 0.6286057692307693 0.004807692307692308 0.055288461538461536 0.009615384615384616
0 0.5216346153846154 0.006009615384615385 0.057692307692307696 0.01201923076923077