1 0.1814903846153846 0.4735576923076923 0.06971153846153846 0.07932692307692307
1 0.32211538461538464 0.4855769230769231 0.057692307692307696 0.06971153846153846
1 0.9519230769230769 0.49158653846153844 0.04807692307692308 0.0625
1 0.2247596153846154 0.49158653846153844 0.04567307692307692 0.057692307692307696
1 0.5961538461538461 0.4831730769230769 0.03365384615384615 0.06009615384615385
1 0.6442307692307693 0.5012019230769231 0.028846153846153848 0.04807692307692308
1 0.8149038461538461 0.49399038461538464 0.038461538461538464 0.052884615384615384
1 0.7175480769230769 0.5192307692307693 0.026442307692307692 0.036057692307692304
0 0.6899038461538461 0.5036057692307693 0.04326923076923077 0.057692307692307696
0 0.5661057692307693 0.4831730769230769 0.04567307692307692 0.06009615384615385
0 0.4567307692307692 0.49278846153846156 0.052884615384615384 0.06009615384615385