1 0.3798076923076923 0.4387019230769231 0.057692307692307696 0.06971153846153846
1 0.23197115384615385 0.4699519230769231 0.05048076923076923 0.06490384615384616
1 0.9435096153846154 0.4723557692307692 0.04567307692307692 0.06490384615384616
1 0.4987980769230769 0.4338942307692308 0.04567307692307692 0.06971153846153846
0 0.8377403846153846 0.4639423076923077 0.055288461538461536 0.0625
0 0.14783653846153846 0.4735576923076923 0.05048076923076923 0.0673076923076923
0 0.6574519230769231 0.44591346153846156 0.04567307692307692 0.06009615384615385
1 0.31490384615384615 0.4579326923076923 0.038461538461538464 0.06009615384615385
0 0.4543269230769231 0.4579326923076923 0.03365384615384615 0.040865384615384616
0 0.4254807692307692 0.4579326923076923 0.02403846153846154 0.036057692307692304
0 0.5384615384615384 0.45072115384615385 0.03365384615384615 0.055288461538461536
0 0.6153846153846154 0.4579326923076923 0.038461538461538464 0.04567307692307692
0 0.5685096153846154 0.45913461538461536 0.03125 0.038461538461538464
0 0.7367788461538461 0.4639423076923077 0.03125 0.04326923076923077
0 0.7163461538461539 0.4639423076923077 0.028846153846153848 0.03365384615384615
0 0.7572115384615384 0.46153846153846156 0.02403846153846154 0.03365384615384615