0 0.1201923076923077 0.36658653846153844 0.07211538461538461 0.10336538461538461
0 0.22956730769230768 0.39302884615384615 0.08413461538461539 0.0985576923076923
0 0.6923076923076923 0.35697115384615385 0.12980769230769232 0.1658653846153846
0 0.5853365384615384 0.3389423076923077 0.07451923076923077 0.10096153846153846
0 0.3389423076923077 0.37259615384615385 0.09615384615384616 0.12980769230769232
0 0.9651442307692307 0.24519230769230768 0.06009615384615385 0.16346153846153846
0 0.5024038461538461 0.38822115384615385 0.10576923076923077 0.13221153846153846
0 0.8269230769230769 0.3449519230769231 0.0673076923076923 0.06490384615384616
0 0.6430288461538461 0.40024038461538464 0.07451923076923077 0.0889423076923077
0 0.6935096153846154 0.027644230769230768 0.13221153846153846 0.055288461538461536
0 0.5841346153846154 0.020432692307692308 0.07692307692307693 0.040865384615384616
0 0.828125 0.008413461538461538 0.06971153846153846 0.016826923076923076
0 0.05889423076923077 0.06009615384615385 0.11778846153846154 0.1201923076923077