1 0.02283653846153846 0.30649038461538464 0.04567307692307692 0.09375
1 0.6382211538461539 0.31009615384615385 0.06009615384615385 0.08653846153846154
0 0.29447115384615385 0.32211538461538464 0.15144230769230768 0.18269230769230768
0 0.765625 0.2512019230769231 0.14182692307692307 0.18509615384615385
0 0.0733173076923077 0.29927884615384615 0.06490384615384616 0.09375
0 0.1466346153846154 0.3173076923076923 0.09134615384615384 0.125
0 0.4795673076923077 0.2608173076923077 0.12740384615384615 0.1658653846153846
0 0.9134615384615384 0.30408653846153844 0.09134615384615384 0.11298076923076923
0 0.5901442307692307 0.34375 0.04567307692307692 0.0673076923076923
0 0.2932692307692308 0.018028846153846152 0.15384615384615385 0.036057692307692304
0 0.7644230769230769 0.054086538461538464 0.14423076923076922 0.10817307692307693
0 0.47836538461538464 0.04447115384615385 0.12980769230769232 0.0889423076923077