0 0.49158653846153844 0.42788461538461536 0.07451923076923077 0.10576923076923077
0 0.13822115384615385 0.4074519230769231 0.07932692307692307 0.10817307692307693
0 0.4074519230769231 0.40625 0.06009615384615385 0.08653846153846154
0 0.20793269230769232 0.4266826923076923 0.06971153846153846 0.09375
0 0.5661057692307693 0.41947115384615385 0.09375 0.13221153846153846
0 0.7536057692307693 0.4411057692307692 0.14182692307692307 0.17067307692307693
0 0.055288461538461536 0.3942307692307692 0.10576923076923077 0.15865384615384615
0 0.8822115384615384 0.265625 0.20192307692307693 0.28125
0 0.31490384615384615 0.4375 0.04807692307692308 0.057692307692307696
0 0.35697115384615385 0.42908653846153844 0.040865384615384616 0.06009615384615385
0 0.8834134615384616 0.06129807692307692 0.20432692307692307 0.12259615384615384