0 0.7151442307692307 0.3161057692307692 0.06971153846153846 0.07692307692307693
0 0.8533653846153846 0.3076923076923077 0.13942307692307693 0.15144230769230768
0 0.9507211538461539 0.34975961538461536 0.055288461538461536 0.07211538461538461
0 0.5552884615384616 0.33052884615384615 0.08653846153846154 0.1201923076923077
0 0.3269230769230769 0.3401442307692308 0.09615384615384616 0.10576923076923077
0 0.7932692307692307 0.34975961538461536 0.057692307692307696 0.10576923076923077
0 0.4375 0.3125 0.038461538461538464 0.04567307692307692
0 0.7139423076923077 0.026442307692307692 0.07211538461538461 0.052884615384615384
0 0.8545673076923077 0.04927884615384615 0.14182692307692307 0.0985576923076923
0 0.9495192307692307 0.008413461538461538 0.057692307692307696 0.016826923076923076
0 0.5564903846153846 0.030048076923076924 0.0889423076923077 0.06009615384615385
0 0.328125 0.021634615384615384 0.0985576923076923 0.04326923076923077
0 0.7944711538461539 0.016826923076923076 0.06009615384615385 0.03365384615384615
0 0.4387019230769231 0.020432692307692308 0.040865384615384616 0.040865384615384616