1 0.17548076923076922 0.3473557692307692 0.07211538461538461 0.08173076923076923
1 0.3701923076923077 0.4338942307692308 0.10096153846153846 0.09615384615384616
1 0.27403846153846156 0.5192307692307693 0.15384615384615385 0.14182692307692307
0 0.8413461538461539 0.2692307692307692 0.08653846153846154 0.10336538461538461
0 0.703125 0.296875 0.055288461538461536 0.07211538461538461
0 0.43990384615384615 0.3317307692307692 0.0673076923076923 0.06971153846153846
1 0.6033653846153846 0.3245192307692308 0.038461538461538464 0.055288461538461536
1 0.5420673076923077 0.34375 0.040865384615384616 0.055288461538461536
1 0.5084134615384616 0.34615384615384615 0.03125 0.04567307692307692
1 0.4639423076923077 0.3425480769230769 0.03365384615384615 0.057692307692307696
0 0.6706730769230769 0.3293269230769231 0.04807692307692308 0.04567307692307692
0 0.9266826923076923 0.31850961538461536 0.036057692307692304 0.052884615384615384
1 0.17668269230769232 0.01201923076923077 0.07451923076923077 0.02403846153846154
0 0.8413461538461539 0.06129807692307692 0.08653846153846154 0.10336538461538461
0 0.7019230769230769 0.03485576923076923 0.057692307692307696 0.06971153846153846
0 0.4411057692307692 0.016826923076923076 0.06971153846153846 0.03365384615384615
1 0.6045673076923077 0.016826923076923076 0.040865384615384616 0.03365384615384615
1 0.5408653846153846 0.007211538461538462 0.04326923076923077 0.014423076923076924
1 0.5072115384615384 0.003605769230769231 0.03365384615384615 0.007211538461538462
1 0.4651442307692308 0.008413461538461538 0.036057692307692304 0.016826923076923076
0 0.671875 0.01201923076923077 0.05048076923076923 0.02403846153846154
0 0.9254807692307693 0.019230769230769232 0.038461538461538464 0.038461538461538464