1 0.45072115384615385 0.5432692307692307 0.0985576923076923 0.09615384615384616
1 0.6237980769230769 0.296875 0.11298076923076923 0.11778846153846154
1 0.6814903846153846 0.24879807692307693 0.06009615384615385 0.06971153846153846
1 0.34615384615384615 0.46274038461538464 0.08173076923076923 0.08413461538461539
1 0.4807692307692308 0.24879807692307693 0.052884615384615384 0.06971153846153846
1 0.3245192307692308 0.5132211538461539 0.09615384615384616 0.0889423076923077
0 0.2091346153846154 0.33413461538461536 0.07211538461538461 0.08653846153846154
0 0.515625 0.3112980769230769 0.06490384615384616 0.07932692307692307
0 0.7608173076923077 0.2439903846153846 0.06971153846153846 0.09375
0 0.5408653846153846 0.2608173076923077 0.04807692307692308 0.05048076923076923
0 0.9122596153846154 0.1935096153846154 0.04567307692307692 0.04567307692307692
1 0.6225961538461539 0.036057692307692304 0.11538461538461539 0.07211538461538461
1 0.6814903846153846 0.06129807692307692 0.06009615384615385 0.06971153846153846
1 0.4807692307692308 0.06129807692307692 0.052884615384615384 0.06971153846153846
0 0.21033653846153846 0.009615384615384616 0.07451923076923077 0.019230769230769232
0 0.5144230769230769 0.019230769230769232 0.0673076923076923 0.038461538461538464
0 0.7608173076923077 0.06610576923076923 0.06971153846153846 0.09375
0 0.5408653846153846 0.04927884615384615 0.04807692307692308 0.05048076923076923
0 0.9122596153846154 0.11658653846153846 0.04567307692307692 0.04567307692307692