1 0.5841346153846154 0.609375 0.052884615384615384 0.052884615384615384
1 0.2668269230769231 0.16826923076923078 0.04326923076923077 0.04807692307692308
1 0.4855769230769231 0.19951923076923078 0.04326923076923077 0.0625
1 0.3485576923076923 0.6105769230769231 0.04807692307692308 0.04567307692307692
1 0.546875 0.37740384615384615 0.04567307692307692 0.04567307692307692
0 0.25841346153846156 0.5817307692307693 0.040865384615384616 0.04567307692307692
0 0.11658653846153846 0.5552884615384616 0.03125 0.03125
0 0.7307692307692307 0.6923076923076923 0.0673076923076923 0.055288461538461536
0 0.90625 0.78125 0.0625 0.057692307692307696
0 0.9771634615384616 0.7824519230769231 0.036057692307692304 0.08413461538461539
0 0.3088942307692308 0.6117788461538461 0.03125 0.03365384615384615