0 0.6730769230769231 0.3088942307692308 0.0673076923076923 0.09134615384615384
0 0.49158653846153844 0.31971153846153844 0.06009615384615385 0.06971153846153846
0 0.35096153846153844 0.3293269230769231 0.08173076923076923 0.08413461538461539
0 0.19591346153846154 0.28846153846153844 0.09375 0.11778846153846154
0 0.1346153846153846 0.3389423076923077 0.057692307692307696 0.07451923076923077
0 0.6045673076923077 0.33052884615384615 0.036057692307692304 0.0625
0 0.08173076923076923 0.34375 0.04326923076923077 0.055288461538461536
0 0.5625 0.3485576923076923 0.038461538461538464 0.055288461538461536
0 0.6742788461538461 0.03365384615384615 0.06971153846153846 0.0673076923076923
0 0.49038461538461536 0.02283653846153846 0.0625 0.04567307692307692
0 0.35216346153846156 0.021634615384615384 0.08413461538461539 0.04326923076923077
0 0.19471153846153846 0.05048076923076923 0.09615384615384616 0.10096153846153846
0 0.13581730769230768 0.014423076923076924 0.06009615384615385 0.028846153846153848
0 0.6033653846153846 0.015625 0.038461538461538464 0.03125
0 0.0829326923076923 0.007211538461538462 0.04567307692307692 0.014423076923076924
0 0.5637019230769231 0.004807692307692308 0.040865384615384616 0.009615384615384616