1 0.9134615384615384 0.4182692307692308 0.04326923076923077 0.0673076923076923
0 0.5240384615384616 0.4266826923076923 0.057692307692307696 0.07451923076923077
0 0.1045673076923077 0.4699519230769231 0.06971153846153846 0.06490384615384616
0 0.2536057692307692 0.4483173076923077 0.055288461538461536 0.06971153846153846
0 0.39783653846153844 0.4326923076923077 0.06009615384615385 0.07211538461538461
0 0.6009615384615384 0.44711538461538464 0.04807692307692308 0.0625
0 0.6754807692307693 0.421875 0.04807692307692308 0.06490384615384616
0 0.6502403846153846 0.47115384615384615 0.05048076923076923 0.057692307692307696
0 0.44471153846153844 0.44711538461538464 0.03365384615384615 0.052884615384615384
0 0.3245192307692308 0.45552884615384615 0.038461538461538464 0.040865384615384616
0 0.16105769230769232 0.46274038461538464 0.038461538461538464 0.04567307692307692
1 0.9783653846153846 0.4362980769230769 0.03365384615384615 0.06971153846153846
1 0.9435096153846154 0.4423076923076923 0.03125 0.052884615384615384
0 0.7283653846153846 0.44350961538461536 0.02403846153846154 0.040865384615384616