1 0.6538461538461539 0.5084134615384616 0.13942307692307693 0.12980769230769232
1 0.9002403846153846 0.34975961538461536 0.18990384615384615 0.22115384615384615
1 0.037259615384615384 0.25841346153846156 0.04567307692307692 0.052884615384615384
1 0.3317307692307692 0.4543269230769231 0.04326923076923077 0.055288461538461536
1 0.41947115384615385 0.44350961538461536 0.036057692307692304 0.04807692307692308
1 0.5060096153846154 0.44711538461538464 0.04567307692307692 0.055288461538461536
1 0.5793269230769231 0.4423076923076923 0.03365384615384615 0.04567307692307692
1 0.15144230769230768 0.22716346153846154 0.038461538461538464 0.04567307692307692
1 0.25721153846153844 0.2824519230769231 0.052884615384615384 0.057692307692307696
1 0.8990384615384616 0.04326923076923077 0.19230769230769232 0.08653846153846154
1 0.037259615384615384 0.06490384615384616 0.04567307692307692 0.052884615384615384
1 0.15144230769230768 0.09735576923076923 0.038461538461538464 0.04567307692307692
1 0.25721153846153844 0.040865384615384616 0.052884615384615384 0.057692307692307696