1 0.47115384615384615 0.35216346153846156 0.0673076923076923 0.057692307692307696
1 0.6033653846153846 0.4266826923076923 0.0625 0.0673076923076923
1 0.24639423076923078 0.3798076923076923 0.05048076923076923 0.040865384615384616
1 0.23557692307692307 0.3173076923076923 0.04807692307692308 0.04567307692307692
1 0.28846153846153844 0.3245192307692308 0.038461538461538464 0.040865384615384616
1 0.3918269230769231 0.3858173076923077 0.038461538461538464 0.038461538461538464
1 0.5384615384615384 0.35216346153846156 0.04807692307692308 0.052884615384615384
1 0.4723557692307692 0.015625 0.06971153846153846 0.03125
1 0.23557692307692307 0.037259615384615384 0.04807692307692308 0.04567307692307692
1 0.28846153846153844 0.030048076923076924 0.038461538461538464 0.040865384615384616
1 0.5396634615384616 0.014423076923076924 0.05048076923076923 0.028846153846153848