0 0.4651442307692308 0.3016826923076923 0.07451923076923077 0.08413461538461539
0 0.3894230769230769 0.31490384615384615 0.07211538461538461 0.09615384615384616
0 0.7283653846153846 0.36778846153846156 0.0673076923076923 0.08173076923076923
0 0.8810096153846154 0.3317307692307692 0.06971153846153846 0.10096153846153846
0 0.21153846153846154 0.33413461538461536 0.0673076923076923 0.09134615384615384
0 0.07572115384615384 0.30408653846153844 0.06490384615384616 0.08413461538461539
0 0.6141826923076923 0.3137019230769231 0.07451923076923077 0.0985576923076923
0 0.26322115384615385 0.30528846153846156 0.055288461538461536 0.08173076923076923
0 0.671875 0.3293269230769231 0.040865384615384616 0.057692307692307696
0 0.8149038461538461 0.3088942307692308 0.052884615384615384 0.06490384615384616
0 0.9819711538461539 0.33052884615384615 0.026442307692307692 0.06490384615384616
0 0.4639423076923077 0.010817307692307692 0.07692307692307693 0.021634615384615384
0 0.07451923076923077 0.009615384615384616 0.0673076923076923 0.019230769230769232
0 0.6129807692307693 0.008413461538461538 0.07692307692307693 0.016826923076923076
0 0.2620192307692308 0.008413461538461538 0.057692307692307696 0.016826923076923076