1 0.1778846153846154 0.46634615384615385 0.07211538461538461 0.09615384615384616
1 0.06850961538461539 0.4326923076923077 0.10336538461538461 0.125
1 0.4639423076923077 0.4735576923076923 0.057692307692307696 0.07692307692307693
1 0.9134615384615384 0.4182692307692308 0.1346153846153846 0.15384615384615385
1 0.24759615384615385 0.47836538461538464 0.057692307692307696 0.07692307692307693
1 0.3293269230769231 0.4675480769230769 0.0625 0.06971153846153846
1 0.7908653846153846 0.47836538461538464 0.057692307692307696 0.08173076923076923
1 0.6538461538461539 0.46033653846153844 0.057692307692307696 0.06971153846153846
1 0.7391826923076923 0.4519230769230769 0.05048076923076923 0.07692307692307693
1 0.5709134615384616 0.4651442307692308 0.04567307692307692 0.06971153846153846
1 0.8509615384615384 0.4651442307692308 0.052884615384615384 0.10336538461538461