1 0.13942307692307693 0.41346153846153844 0.11538461538461539 0.14182692307692307
1 0.7403846153846154 0.4266826923076923 0.0673076923076923 0.08653846153846154
1 0.47115384615384615 0.4411057692307692 0.09134615384615384 0.09134615384615384
1 0.6213942307692307 0.4338942307692308 0.07451923076923077 0.10096153846153846
1 0.8377403846153846 0.4483173076923077 0.05048076923076923 0.0673076923076923
1 0.2776442307692308 0.42908653846153844 0.05048076923076923 0.09615384615384616
1 0.34975961538461536 0.4254807692307692 0.06971153846153846 0.0985576923076923
1 0.9134615384615384 0.45552884615384615 0.09615384615384616 0.11057692307692307
1 0.42788461538461536 0.45913461538461536 0.04326923076923077 0.07451923076923077
1 0.8641826923076923 0.4651442307692308 0.055288461538461536 0.07692307692307693
1 0.7007211538461539 0.46634615384615385 0.055288461538461536 0.055288461538461536
1 0.140625 0.046875 0.11778846153846154 0.09375
1 0.7415865384615384 0.026442307692307692 0.06971153846153846 0.052884615384615384
1 0.4723557692307692 0.020432692307692308 0.09375 0.040865384615384616
1 0.6201923076923077 0.026442307692307692 0.07692307692307693 0.052884615384615384
1 0.8365384615384616 0.010817307692307692 0.052884615384615384 0.021634615384615384
1 0.2764423076923077 0.027644230769230768 0.052884615384615384 0.055288461538461536
1 0.3485576923076923 0.030048076923076924 0.07211538461538461 0.06009615384615385
1 0.9146634615384616 0.018028846153846152 0.0985576923076923 0.036057692307692304
1 0.42908653846153844 0.007211538461538462 0.04567307692307692 0.014423076923076924