1 0.47115384615384615 0.4206730769230769 0.057692307692307696 0.06971153846153846
1 0.33533653846153844 0.41947115384615385 0.055288461538461536 0.07211538461538461
1 0.22596153846153846 0.41586538461538464 0.057692307692307696 0.06971153846153846
1 0.8894230769230769 0.43028846153846156 0.04807692307692308 0.06490384615384616
1 0.6862980769230769 0.4266826923076923 0.04567307692307692 0.057692307692307696
1 0.1045673076923077 0.4026442307692308 0.055288461538461536 0.0673076923076923
1 0.6213942307692307 0.41586538461538464 0.04567307692307692 0.06971153846153846
1 0.27884615384615385 0.42427884615384615 0.03365384615384615 0.038461538461538464
0 0.5348557692307693 0.42427884615384615 0.036057692307692304 0.038461538461538464
1 0.8185096153846154 0.421875 0.021634615384615384 0.03365384615384615
1 0.7620192307692307 0.4182692307692308 0.04326923076923077 0.05048076923076923
1 0.18870192307692307 0.421875 0.026442307692307692 0.038461538461538464
1 0.038461538461538464 0.43149038461538464 0.028846153846153848 0.03365384615384615