1 0.17668269230769232 0.43149038461538464 0.06971153846153846 0.08173076923076923
1 0.515625 0.44591346153846156 0.04567307692307692 0.057692307692307696
1 0.7728365384615384 0.46274038461538464 0.06490384615384616 0.057692307692307696
1 0.2668269230769231 0.4326923076923077 0.04326923076923077 0.06009615384615385
1 0.39903846153846156 0.46634615384615385 0.038461538461538464 0.040865384615384616
1 0.5661057692307693 0.46875 0.03125 0.040865384615384616
1 0.6514423076923077 0.4651442307692308 0.038461538461538464 0.04326923076923077
1 0.7223557692307693 0.4807692307692308 0.040865384615384616 0.04567307692307692
1 0.8485576923076923 0.4735576923076923 0.03365384615384615 0.04567307692307692
1 0.8786057692307693 0.47475961538461536 0.036057692307692304 0.04807692307692308
1 0.9783653846153846 0.45072115384615385 0.03365384615384615 0.057692307692307696