1 0.7367788461538461 0.3870192307692308 0.08413461538461539 0.10096153846153846
1 0.06971153846153846 0.44350961538461536 0.08173076923076923 0.09375
1 0.25721153846153844 0.41346153846153844 0.07211538461538461 0.09134615384615384
1 0.5997596153846154 0.4050480769230769 0.06009615384615385 0.07932692307692307
1 0.9038461538461539 0.4375 0.0625 0.08653846153846154
1 0.4639423076923077 0.43509615384615385 0.03365384615384615 0.04807692307692308
1 0.5396634615384616 0.43149038461538464 0.040865384615384616 0.055288461538461536
1 0.5024038461538461 0.453125 0.028846153846153848 0.040865384615384616
1 0.6550480769230769 0.41225961538461536 0.036057692307692304 0.055288461538461536
1 0.8521634615384616 0.43028846153846156 0.05048076923076923 0.08653846153846154
1 0.8040865384615384 0.4338942307692308 0.05048076923076923 0.06490384615384616