0 0.28125 0.328125 0.13942307692307693 0.15865384615384615
0 0.671875 0.34134615384615385 0.14182692307692307 0.16105769230769232
0 0.9002403846153846 0.36658653846153844 0.11298076923076923 0.1346153846153846
0 0.47836538461538464 0.3786057692307692 0.057692307692307696 0.08173076923076923
0 0.5564903846153846 0.33413461538461536 0.09375 0.12259615384615384
0 0.3954326923076923 0.39302884615384615 0.06971153846153846 0.10576923076923077
0 0.35096153846153844 0.4050480769230769 0.038461538461538464 0.07211538461538461
0 0.04927884615384615 0.38461538461538464 0.09375 0.17067307692307693
0 0.2824519230769231 0.040865384615384616 0.14182692307692307 0.08173076923076923
0 0.6706730769230769 0.03485576923076923 0.14423076923076922 0.06971153846153846
0 0.8990384615384616 0.015625 0.11538461538461539 0.03125
0 0.5552884615384616 0.028846153846153848 0.09615384615384616 0.057692307692307696