1 0.33413461538461536 0.5060096153846154 0.04326923076923077 0.04567307692307692
1 0.6887019230769231 0.5048076923076923 0.05048076923076923 0.0625
0 0.0889423076923077 0.49038461538461536 0.057692307692307696 0.07692307692307693
0 0.20673076923076922 0.45072115384615385 0.08173076923076923 0.10336538461538461
0 0.390625 0.4831730769230769 0.07932692307692307 0.09134615384615384
0 0.4855769230769231 0.49158653846153844 0.057692307692307696 0.07451923076923077
0 0.5805288461538461 0.5072115384615384 0.040865384615384616 0.057692307692307696
0 0.6430288461538461 0.5144230769230769 0.07932692307692307 0.09615384615384616
0 0.7956730769230769 0.47115384615384615 0.10576923076923077 0.125
0 0.8894230769230769 0.5108173076923077 0.09134615384615384 0.11298076923076923
0 0.9675480769230769 0.5036057692307693 0.055288461538461536 0.06490384615384616