0 0.12980769230769232 0.3449519230769231 0.15384615384615385 0.17067307692307693
0 0.7524038461538461 0.31490384615384615 0.12980769230769232 0.15384615384615385
0 0.6117788461538461 0.35697115384615385 0.07451923076923077 0.10336538461538461
0 0.37259615384615385 0.39783653846153844 0.09615384615384616 0.12259615384615384
0 0.49158653846153844 0.37259615384615385 0.06490384615384616 0.07692307692307693
0 0.24879807692307693 0.4026442307692308 0.040865384615384616 0.04567307692307692
0 0.29927884615384615 0.3894230769230769 0.040865384615384616 0.052884615384615384
0 0.5829326923076923 0.18870192307692307 0.03125 0.03125
0 0.6346153846153846 0.18990384615384615 0.028846153846153848 0.038461538461538464
0 0.6911057692307693 0.19591346153846154 0.021634615384615384 0.036057692307692304
0 0.27283653846153844 0.2824519230769231 0.026442307692307692 0.03125
0 0.3137019230769231 0.18990384615384615 0.021634615384615384 0.03365384615384615
0 0.3425480769230769 0.19230769230769232 0.021634615384615384 0.02403846153846154
0 0.3954326923076923 0.1814903846153846 0.021634615384615384 0.026442307692307692
0 0.37740384615384615 0.19110576923076922 0.019230769230769232 0.03125
0 0.3629807692307692 0.19951923076923078 0.019230769230769232 0.028846153846153848
0 0.1310096153846154 0.037259615384615384 0.15625 0.07451923076923077
0 0.7536057692307693 0.04807692307692308 0.13221153846153846 0.09615384615384616
0 0.6105769230769231 0.014423076923076924 0.07692307692307693 0.028846153846153848
0 0.5829326923076923 0.14543269230769232 0.03125 0.03125
0 0.6346153846153846 0.14182692307692307 0.028846153846153848 0.038461538461538464
0 0.6911057692307693 0.13822115384615385 0.021634615384615384 0.036057692307692304
0 0.27283653846153844 0.051682692307692304 0.026442307692307692 0.03125
0 0.3137019230769231 0.14182692307692307 0.021634615384615384 0.03365384615384615
0 0.3425480769230769 0.13942307692307693 0.021634615384615384 0.02403846153846154
0 0.3954326923076923 0.15264423076923078 0.021634615384615384 0.026442307692307692
0 0.37740384615384615 0.14302884615384615 0.019230769230769232 0.03125
0 0.3629807692307692 0.13221153846153846 0.019230769230769232 0.028846153846153848