1 0.8389423076923077 0.6490384615384616 0.0625 0.0673076923076923
1 0.5240384615384616 0.5985576923076923 0.04807692307692308 0.057692307692307696
1 0.08173076923076923 0.3641826923076923 0.028846153846153848 0.03125
1 0.14903846153846154 0.4182692307692308 0.028846153846153848 0.03365384615384615
1 0.20793269230769232 0.45913461538461536 0.026442307692307692 0.028846153846153848
1 0.2932692307692308 0.484375 0.028846153846153848 0.03125
1 0.5973557692307693 0.5072115384615384 0.026442307692307692 0.038461538461538464
1 0.8533653846153846 0.3401442307692308 0.028846153846153848 0.036057692307692304
1 0.7391826923076923 0.4110576923076923 0.026442307692307692 0.038461538461538464
1 0.671875 0.44471153846153844 0.021634615384615384 0.038461538461538464
1 0.6875 0.47596153846153844 0.028846153846153848 0.03365384615384615