1 0.19831730769230768 0.3870192307692308 0.14182692307692307 0.18028846153846154
1 0.2692307692307692 0.44350961538461536 0.07211538461538461 0.08173076923076923
1 0.3581730769230769 0.41586538461538464 0.10096153846153846 0.0985576923076923
1 0.4338942307692308 0.43509615384615385 0.040865384615384616 0.055288461538461536
1 0.4795673076923077 0.4266826923076923 0.055288461538461536 0.0625
1 0.5348557692307693 0.42908653846153844 0.06490384615384616 0.08653846153846154
1 0.7740384615384616 0.4230769230769231 0.057692307692307696 0.07932692307692307
1 0.7487980769230769 0.4326923076923077 0.036057692307692304 0.05048076923076923
1 0.8245192307692307 0.38341346153846156 0.09615384615384616 0.125
1 0.9002403846153846 0.3870192307692308 0.07451923076923077 0.10336538461538461
1 0.9338942307692307 0.41466346153846156 0.036057692307692304 0.057692307692307696
1 0.1971153846153846 0.06971153846153846 0.14423076923076922 0.13942307692307693
1 0.2704326923076923 0.016826923076923076 0.07451923076923077 0.03365384615384615
1 0.359375 0.03485576923076923 0.10336538461538461 0.06971153846153846
1 0.4326923076923077 0.014423076923076924 0.04326923076923077 0.028846153846153848
1 0.47836538461538464 0.020432692307692308 0.057692307692307696 0.040865384615384616
1 0.5336538461538461 0.025240384615384616 0.0673076923076923 0.05048076923076923
1 0.7752403846153846 0.026442307692307692 0.06009615384615385 0.052884615384615384
1 0.7475961538461539 0.014423076923076924 0.038461538461538464 0.028846153846153848
1 0.8257211538461539 0.057692307692307696 0.0985576923076923 0.11538461538461539
1 0.8990384615384616 0.05048076923076923 0.07692307692307693 0.10096153846153846
1 0.9326923076923077 0.025240384615384616 0.038461538461538464 0.05048076923076923