1 0.7379807692307693 0.3701923076923077 0.052884615384615384 0.06971153846153846
0 0.2668269230769231 0.31009615384615385 0.08173076923076923 0.09375
0 0.08052884615384616 0.32211538461538464 0.14182692307692307 0.14182692307692307
0 0.4266826923076923 0.3401442307692308 0.06971153846153846 0.08173076923076923
0 0.328125 0.35697115384615385 0.05048076923076923 0.07211538461538461
0 0.6286057692307693 0.3545673076923077 0.055288461538461536 0.0673076923076923
0 0.546875 0.3545673076923077 0.04567307692307692 0.057692307692307696
0 0.5024038461538461 0.3701923076923077 0.052884615384615384 0.06971153846153846
0 0.26802884615384615 0.03365384615384615 0.08413461538461539 0.0673076923076923
0 0.07932692307692307 0.039663461538461536 0.14423076923076922 0.07932692307692307
0 0.4254807692307692 0.015625 0.07211538461538461 0.03125