0 0.44711538461538464 0.4855769230769231 0.04807692307692308 0.06971153846153846
0 0.5240384615384616 0.484375 0.04807692307692308 0.0673076923076923
0 0.06971153846153846 0.47115384615384615 0.04807692307692308 0.055288461538461536
0 0.3473557692307692 0.484375 0.05048076923076923 0.0625
0 0.16346153846153846 0.47836538461538464 0.04807692307692308 0.055288461538461536
0 0.5997596153846154 0.4807692307692308 0.040865384615384616 0.06009615384615385
0 0.6586538461538461 0.4735576923076923 0.04326923076923077 0.055288461538461536
0 0.8293269230769231 0.4699519230769231 0.04326923076923077 0.04326923076923077
0 0.2548076923076923 0.4795673076923077 0.04807692307692308 0.0625
0 0.7415865384615384 0.4807692307692308 0.05048076923076923 0.055288461538461536
0 0.9194711538461539 0.4963942307692308 0.040865384615384616 0.04807692307692308