1 0.4014423076923077 0.38100961538461536 0.057692307692307696 0.08173076923076923
1 0.9663461538461539 0.39302884615384615 0.052884615384615384 0.08173076923076923
1 0.7920673076923077 0.38221153846153844 0.05048076923076923 0.07451923076923077
1 0.33533653846153844 0.3870192307692308 0.055288461538461536 0.06971153846153846
1 0.7391826923076923 0.40024038461538464 0.04567307692307692 0.07211538461538461
1 0.15264423076923078 0.6526442307692307 0.07451923076923077 0.07211538461538461
0 0.16706730769230768 0.3798076923076923 0.06971153846153846 0.07932692307692307
0 0.6586538461538461 0.39663461538461536 0.04807692307692308 0.06971153846153846
1 0.4891826923076923 0.40625 0.055288461538461536 0.07451923076923077
1 0.6117788461538461 0.39663461538461536 0.040865384615384616 0.06971153846153846
0 0.53125 0.40024038461538464 0.04326923076923077 0.057692307692307696
1 0.15144230769230768 0.9855769230769231 0.07692307692307693 0.019230769230769232