1 0.8064903846153846 0.5084134615384616 0.026442307692307692 0.03365384615384615
1 0.7716346153846154 0.5228365384615384 0.02403846153846154 0.028846153846153848
1 0.6983173076923077 0.5132211538461539 0.02403846153846154 0.028846153846153848
1 0.5997596153846154 0.515625 0.02403846153846154 0.02403846153846154
1 0.5793269230769231 0.5180288461538461 0.016826923076923076 0.02403846153846154
1 0.4651442307692308 0.5132211538461539 0.02403846153846154 0.028846153846153848
1 0.4026442307692308 0.5300480769230769 0.038461538461538464 0.052884615384615384
1 0.3858173076923077 0.5204326923076923 0.028846153846153848 0.04807692307692308
1 0.36658653846153844 0.5084134615384616 0.019230769230769232 0.028846153846153848
1 0.3425480769230769 0.515625 0.019230769230769232 0.02403846153846154
1 0.8665865384615384 0.5084134615384616 0.026442307692307692 0.03365384615384615
1 0.8990384615384616 0.5228365384615384 0.02403846153846154 0.028846153846153848
1 0.9711538461538461 0.5132211538461539 0.02403846153846154 0.028846153846153848