1 0.29927884615384615 0.44591346153846156 0.055288461538461536 0.06971153846153846
1 0.6875 0.42427884615384615 0.0625 0.06009615384615385
1 0.84375 0.43149038461538464 0.057692307692307696 0.06490384615384616
1 0.4735576923076923 0.2776442307692308 0.038461538461538464 0.04567307692307692
1 0.7776442307692307 0.25600961538461536 0.040865384615384616 0.05048076923076923
0 0.5877403846153846 0.23076923076923078 0.04567307692307692 0.04807692307692308
0 0.8617788461538461 0.22115384615384615 0.04567307692307692 0.057692307692307696
1 0.4735576923076923 0.027644230769230768 0.038461538461538464 0.04567307692307692
1 0.7776442307692307 0.04927884615384615 0.040865384615384616 0.05048076923076923
0 0.5877403846153846 0.07211538461538461 0.04567307692307692 0.04807692307692308
0 0.8617788461538461 0.08173076923076923 0.04567307692307692 0.057692307692307696