1 0.18629807692307693 0.46274038461538464 0.05048076923076923 0.06971153846153846
1 0.12379807692307693 0.47596153846153844 0.036057692307692304 0.04807692307692308
1 0.32211538461538464 0.4795673076923077 0.0625 0.07932692307692307
1 0.36658653846153844 0.4519230769230769 0.05048076923076923 0.0625
1 0.47836538461538464 0.4675480769230769 0.038461538461538464 0.05048076923076923
1 0.5228365384615384 0.4651442307692308 0.04567307692307692 0.06009615384615385
1 0.5637019230769231 0.4543269230769231 0.036057692307692304 0.04807692307692308
1 0.6081730769230769 0.453125 0.0625 0.07451923076923077
1 0.7295673076923077 0.44350961538461536 0.06971153846153846 0.07932692307692307
1 0.7740384615384616 0.45552884615384615 0.038461538461538464 0.05048076923076923
1 0.8413461538461539 0.4495192307692308 0.03365384615384615 0.052884615384615384
1 0.8834134615384616 0.4411057692307692 0.04567307692307692 0.06490384615384616
1 0.9483173076923077 0.44591346153846156 0.06009615384615385 0.06971153846153846
1 0.9867788461538461 0.4423076923076923 0.016826923076923076 0.052884615384615384