0 0.7319711538461539 0.27403846153846156 0.07932692307692307 0.07932692307692307
0 0.5865384615384616 0.28966346153846156 0.07211538461538461 0.09615384615384616
0 0.8978365384615384 0.3076923076923077 0.0985576923076923 0.12259615384615384
0 0.5072115384615384 0.3016826923076923 0.057692307692307696 0.07211538461538461
0 0.8497596153846154 0.2980769230769231 0.06490384615384616 0.10336538461538461
0 0.7223557692307693 0.35697115384615385 0.08413461538461539 0.11057692307692307
0 0.4326923076923077 0.31850961538461536 0.052884615384615384 0.0673076923076923
0 0.34975961538461536 0.3137019230769231 0.06009615384615385 0.057692307692307696
0 0.17307692307692307 0.3245192307692308 0.038461538461538464 0.06490384615384616
0 0.26802884615384615 0.3317307692307692 0.04567307692307692 0.06490384615384616
0 0.052884615384615384 0.30649038461538464 0.04807692307692308 0.057692307692307696
0 0.09735576923076923 0.3329326923076923 0.036057692307692304 0.04807692307692308
0 0.14903846153846154 0.31971153846153844 0.028846153846153848 0.055288461538461536
0 0.5649038461538461 0.33774038461538464 0.04326923076923077 0.0625
0 0.6394230769230769 0.29927884615384615 0.04326923076923077 0.07692307692307693
0 0.7319711538461539 0.056490384615384616 0.07932692307692307 0.07932692307692307
0 0.5877403846153846 0.04447115384615385 0.07451923076923077 0.0889423076923077
0 0.8966346153846154 0.042067307692307696 0.10096153846153846 0.08413461538461539
0 0.5084134615384616 0.03245192307692308 0.06009615384615385 0.06490384615384616
0 0.8485576923076923 0.042067307692307696 0.0673076923076923 0.08413461538461539
0 0.7211538461538461 0.014423076923076924 0.08653846153846154 0.028846153846153848
0 0.4338942307692308 0.02283653846153846 0.055288461538461536 0.04567307692307692
0 0.3485576923076923 0.02283653846153846 0.0625 0.04567307692307692
0 0.17427884615384615 0.019230769230769232 0.040865384615384616 0.038461538461538464
0 0.2668269230769231 0.015625 0.04807692307692308 0.03125
0 0.054086538461538464 0.026442307692307692 0.05048076923076923 0.052884615384615384
0 0.09615384615384616 0.010817307692307692 0.038461538461538464 0.021634615384615384
0 0.1502403846153846 0.019230769230769232 0.03125 0.038461538461538464
0 0.5661057692307693 0.01201923076923077 0.04567307692307692 0.02403846153846154
0 0.640625 0.03485576923076923 0.04567307692307692 0.06971153846153846