1 0.15264423076923078 0.3737980769230769 0.06971153846153846 0.08653846153846154
1 0.23677884615384615 0.36899038461538464 0.14182692307692307 0.1875
1 0.7475961538461539 0.34375 0.15865384615384615 0.18509615384615385
1 0.47836538461538464 0.3737980769230769 0.11057692307692307 0.12980769230769232
1 0.3125 0.36177884615384615 0.07692307692307693 0.125
1 0.056490384615384616 0.3473557692307692 0.11298076923076923 0.3329326923076923
1 0.6766826923076923 0.3581730769230769 0.06009615384615385 0.12740384615384615
0 0.9242788461538461 0.3425480769230769 0.09375 0.10576923076923077
1 0.23557692307692307 0.030048076923076924 0.14423076923076922 0.06009615384615385
1 0.7487980769230769 0.042067307692307696 0.16105769230769232 0.08413461538461539
1 0.4795673076923077 0.013221153846153846 0.11298076923076923 0.026442307692307692
1 0.3137019230769231 0.018028846153846152 0.07932692307692307 0.036057692307692304
1 0.057692307692307696 0.07692307692307693 0.11538461538461539 0.15384615384615385
1 0.6754807692307693 0.020432692307692308 0.0625 0.040865384615384616
0 0.9230769230769231 0.02283653846153846 0.09615384615384616 0.04567307692307692