1 0.16826923076923078 0.5600961538461539 0.028846153846153848 0.036057692307692304
1 0.23677884615384615 0.5649038461538461 0.03125 0.03125
1 0.6754807692307693 0.5745192307692307 0.02403846153846154 0.026442307692307692
1 0.828125 0.5805288461538461 0.03125 0.038461538461538464
1 0.8016826923076923 0.5829326923076923 0.021634615384615384 0.03365384615384615
1 0.46274038461538464 0.5745192307692307 0.026442307692307692 0.026442307692307692
1 0.16947115384615385 0.9855769230769231 0.03125 0.019230769230769232
1 0.23557692307692307 0.984375 0.03365384615384615 0.021634615384615384
1 0.6754807692307693 0.9819711538461539 0.02403846153846154 0.026442307692307692
1 0.828125 0.9735576923076923 0.03125 0.038461538461538464
1 0.8016826923076923 0.9711538461538461 0.021634615384615384 0.03365384615384615
1 0.46274038461538464 0.9819711538461539 0.026442307692307692 0.026442307692307692