1 0.3125 0.4495192307692308 0.057692307692307696 0.052884615384615384
1 0.21875 0.4519230769230769 0.052884615384615384 0.0625
0 0.2620192307692308 0.47475961538461536 0.052884615384615384 0.06009615384615385
0 0.4230769230769231 0.46033653846153844 0.04326923076923077 0.04567307692307692
0 0.5649038461538461 0.46634615384615385 0.03365384615384615 0.04326923076923077
0 0.5348557692307693 0.4411057692307692 0.036057692307692304 0.040865384615384616
0 0.49759615384615385 0.44591346153846156 0.028846153846153848 0.036057692307692304
0 0.28725961538461536 0.4675480769230769 0.03125 0.05048076923076923
1 0.5865384615384616 0.4387019230769231 0.03365384615384615 0.04567307692307692
1 0.7115384615384616 0.453125 0.04326923076923077 0.05048076923076923
1 0.7836538461538461 0.4483173076923077 0.038461538461538464 0.04567307692307692
0 0.6598557692307693 0.4651442307692308 0.04567307692307692 0.04567307692307692
0 0.7644230769230769 0.49399038461538464 0.052884615384615384 0.055288461538461536
0 0.8810096153846154 0.46274038461538464 0.03125 0.036057692307692304
0 0.9567307692307693 0.4675480769230769 0.03365384615384615 0.036057692307692304