1 0.8353365384615384 0.4170673076923077 0.07932692307692307 0.09134615384615384
1 0.19471153846153846 0.40024038461538464 0.07692307692307693 0.09615384615384616
1 0.40625 0.4014423076923077 0.057692307692307696 0.07932692307692307
1 0.5865384615384616 0.3954326923076923 0.07692307692307693 0.09134615384615384
1 0.7283653846153846 0.4254807692307692 0.057692307692307696 0.06971153846153846
1 0.03245192307692308 0.40625 0.06490384615384616 0.12740384615384615
1 0.5108173076923077 0.4266826923076923 0.055288461538461536 0.0673076923076923
1 0.9651442307692307 0.44591346153846156 0.05048076923076923 0.057692307692307696
1 0.4699519230769231 0.41947115384615385 0.040865384615384616 0.0673076923076923
1 0.6766826923076923 0.4423076923076923 0.04567307692307692 0.06009615384615385
1 0.7752403846153846 0.44471153846153844 0.05048076923076923 0.06009615384615385
1 0.6274038461538461 0.4362980769230769 0.03365384615384615 0.052884615384615384