1 0.2956730769230769 0.4423076923076923 0.052884615384615384 0.06971153846153846
0 0.7319711538461539 0.43509615384615385 0.05048076923076923 0.07932692307692307
0 0.7920673076923077 0.4098557692307692 0.06009615384615385 0.07692307692307693
0 0.609375 0.4362980769230769 0.05048076923076923 0.0673076923076923
0 0.08052884615384616 0.46875 0.055288461538461536 0.06009615384615385
0 0.5276442307692307 0.4338942307692308 0.04567307692307692 0.057692307692307696
0 0.25 0.4795673076923077 0.04807692307692308 0.052884615384615384
0 0.37740384615384615 0.49278846153846156 0.038461538461538464 0.05048076923076923
0 0.421875 0.4795673076923077 0.040865384615384616 0.0625
1 0.47475961538461536 0.4326923076923077 0.03125 0.04567307692307692
1 0.296875 0.014423076923076924 0.055288461538461536 0.028846153846153848
0 0.7307692307692307 0.020432692307692308 0.052884615384615384 0.040865384615384616
0 0.7908653846153846 0.03245192307692308 0.0625 0.06490384615384616
0 0.6081730769230769 0.016826923076923076 0.052884615384615384 0.03365384615384615
0 0.5264423076923077 0.015625 0.04807692307692308 0.03125
1 0.4735576923076923 0.013221153846153846 0.03365384615384615 0.026442307692307692