1 0.46634615384615385 0.4050480769230769 0.057692307692307696 0.08653846153846154
1 0.8858173076923077 0.4519230769230769 0.055288461538461536 0.06971153846153846
1 0.765625 0.44591346153846156 0.055288461538461536 0.057692307692307696
0 0.5997596153846154 0.4026442307692308 0.06971153846153846 0.09615384615384616
0 0.15625 0.40625 0.08173076923076923 0.09375
0 0.3473557692307692 0.43028846153846156 0.06971153846153846 0.09375
0 0.40625 0.44471153846153844 0.04326923076923077 0.06009615384615385
0 0.2091346153846154 0.4375 0.04807692307692308 0.06971153846153846
0 0.2620192307692308 0.4495192307692308 0.038461538461538464 0.04567307692307692
0 0.5360576923076923 0.44350961538461536 0.038461538461538464 0.052884615384615384
1 0.6766826923076923 0.4495192307692308 0.05048076923076923 0.06971153846153846