0 0.17427884615384615 0.3076923076923077 0.07451923076923077 0.09375
0 0.5372596153846154 0.3245192307692308 0.06971153846153846 0.07932692307692307
0 0.7079326923076923 0.33052884615384615 0.06490384615384616 0.07692307692307693
0 0.375 0.33052884615384615 0.057692307692307696 0.08173076923076923
0 0.21754807692307693 0.3293269230769231 0.04567307692307692 0.06971153846153846
0 0.6694711538461539 0.3485576923076923 0.03125 0.06490384615384616
0 0.17307692307692307 0.03485576923076923 0.07692307692307693 0.06971153846153846
0 0.5360576923076923 0.02283653846153846 0.07211538461538461 0.04567307692307692
0 0.7067307692307693 0.019230769230769232 0.0673076923076923 0.038461538461538464
0 0.3762019230769231 0.020432692307692308 0.06009615384615385 0.040865384615384616
0 0.21634615384615385 0.018028846153846152 0.04807692307692308 0.036057692307692304
0 0.6682692307692307 0.007211538461538462 0.03365384615384615 0.014423076923076924