0 0.16466346153846154 0.3293269230769231 0.0985576923076923 0.11298076923076923
0 0.08653846153846154 0.3088942307692308 0.057692307692307696 0.09134615384615384
0 0.23677884615384615 0.34375 0.055288461538461536 0.07451923076923077
0 0.30528846153846156 0.3581730769230769 0.04326923076923077 0.06490384615384616
0 0.35216346153846156 0.34375 0.055288461538461536 0.06490384615384616
0 0.5444711538461539 0.3737980769230769 0.06971153846153846 0.08173076923076923
0 0.7608173076923077 0.35096153846153844 0.06971153846153846 0.07451923076923077
0 0.8341346153846154 0.36778846153846156 0.0625 0.06971153846153846
0 0.9807692307692307 0.3713942307692308 0.02403846153846154 0.08653846153846154
0 0.16346153846153846 0.028846153846153848 0.10096153846153846 0.057692307692307696
0 0.08774038461538461 0.03365384615384615 0.06009615384615385 0.0673076923076923
0 0.23557692307692307 0.01201923076923077 0.057692307692307696 0.02403846153846154
0 0.35096153846153844 0.009615384615384616 0.057692307692307696 0.019230769230769232
0 0.7596153846153846 0.008413461538461538 0.07211538461538461 0.016826923076923076