1 0.5048076923076923 0.5324519230769231 0.0673076923076923 0.08653846153846154
1 0.16826923076923078 0.5072115384615384 0.0673076923076923 0.06971153846153846
1 0.14783653846153846 0.5829326923076923 0.11778846153846154 0.11057692307692307
1 0.328125 0.5829326923076923 0.10336538461538461 0.1201923076923077
1 0.0625 0.5564903846153846 0.09134615384615384 0.07692307692307693
1 0.052884615384615384 0.484375 0.057692307692307696 0.057692307692307696
1 0.328125 0.46274038461538464 0.03125 0.03365384615384615
1 0.4266826923076923 0.49278846153846156 0.036057692307692304 0.036057692307692304
1 0.47115384615384615 0.49158653846153844 0.03365384615384615 0.04326923076923077
1 0.7271634615384616 0.5240384615384616 0.040865384615384616 0.040865384615384616
1 0.6322115384615384 0.4987980769230769 0.028846153846153848 0.038461538461538464
1 0.5949519230769231 0.5084134615384616 0.03125 0.04326923076923077
1 0.546875 0.5012019230769231 0.03125 0.038461538461538464