1 0.6754807692307693 0.3713942307692308 0.057692307692307696 0.07451923076923077
1 0.5492788461538461 0.38100961538461536 0.06009615384615385 0.08413461538461539
1 0.7379807692307693 0.36177884615384615 0.04807692307692308 0.07932692307692307
1 0.3473557692307692 0.37740384615384615 0.055288461538461536 0.07692307692307693
1 0.4375 0.3858173076923077 0.04326923076923077 0.06490384615384616
1 0.625 0.37740384615384615 0.038461538461538464 0.0625
1 0.2980769230769231 0.39783653846153844 0.04326923076923077 0.06490384615384616
1 0.2512019230769231 0.3942307692307692 0.036057692307692304 0.057692307692307696
1 0.4026442307692308 0.390625 0.026442307692307692 0.04567307692307692
1 0.4879807692307692 0.3858173076923077 0.03365384615384615 0.055288461538461536
1 0.5913461538461539 0.3954326923076923 0.03365384615384615 0.055288461538461536