1 0.8942307692307693 0.38341346153846156 0.11057692307692307 0.13221153846153846
1 0.7572115384615384 0.421875 0.07692307692307693 0.09375
1 0.6742788461538461 0.4014423076923077 0.06971153846153846 0.08173076923076923
1 0.8365384615384616 0.3954326923076923 0.057692307692307696 0.10336538461538461
0 0.08774038461538461 0.36899038461538464 0.12740384615384615 0.13221153846153846
0 0.5805288461538461 0.4098557692307692 0.06971153846153846 0.08413461538461539
0 0.46153846153846156 0.4182692307692308 0.057692307692307696 0.0625
1 0.2439903846153846 0.22596153846153846 0.021634615384615384 0.028846153846153848
1 0.1502403846153846 0.21033653846153846 0.021634615384615384 0.026442307692307692
1 0.08052884615384616 0.21153846153846154 0.021634615384615384 0.02403846153846154
1 0.2439903846153846 0.019230769230769232 0.021634615384615384 0.028846153846153848
1 0.1502403846153846 0.037259615384615384 0.021634615384615384 0.026442307692307692
1 0.08052884615384616 0.03365384615384615 0.021634615384615384 0.02403846153846154