1 0.9471153846153846 0.5721153846153846 0.08173076923076923 0.09375
1 0.21634615384615385 0.3004807692307692 0.057692307692307696 0.06490384615384616
1 0.5805288461538461 0.28365384615384615 0.04567307692307692 0.04567307692307692
1 0.5012019230769231 0.30408653846153844 0.036057692307692304 0.052884615384615384
0 0.22716346153846154 0.6298076923076923 0.09375 0.09375
0 0.33533653846153844 0.6177884615384616 0.07932692307692307 0.09375
0 0.7944711538461539 0.5841346153846154 0.08413461538461539 0.07451923076923077
0 0.8894230769230769 0.5817307692307693 0.0673076923076923 0.07932692307692307
1 0.21754807692307693 0.03125 0.06009615384615385 0.0625
1 0.5805288461538461 0.046875 0.04567307692307692 0.04567307692307692
1 0.5012019230769231 0.025240384615384616 0.036057692307692304 0.05048076923076923