1 0.5240384615384616 0.390625 0.0673076923076923 0.08173076923076923
1 0.6322115384615384 0.3713942307692308 0.057692307692307696 0.08173076923076923
1 0.2776442307692308 0.390625 0.06009615384615385 0.07692307692307693
1 0.17548076923076922 0.375 0.038461538461538464 0.04567307692307692
1 0.09975961538461539 0.38822115384615385 0.036057692307692304 0.052884615384615384
1 0.3713942307692308 0.39663461538461536 0.03125 0.040865384615384616
1 0.45913461538461536 0.3858173076923077 0.038461538461538464 0.04807692307692308
1 0.6935096153846154 0.4170673076923077 0.055288461538461536 0.07692307692307693
1 0.4170673076923077 0.38461538461538464 0.03125 0.036057692307692304
1 0.07211538461538461 0.38461538461538464 0.028846153846153848 0.04567307692307692
1 0.9663461538461539 0.5408653846153846 0.052884615384615384 0.08413461538461539