1 0.265625 0.5 0.04567307692307692 0.04567307692307692
1 0.02403846153846154 0.28365384615384615 0.04326923076923077 0.055288461538461536
1 0.15985576923076922 0.25721153846153844 0.036057692307692304 0.04567307692307692
1 0.2536057692307692 0.23918269230769232 0.036057692307692304 0.036057692307692304
1 0.34615384615384615 0.265625 0.03365384615384615 0.04326923076923077
1 0.7235576923076923 0.5973557692307693 0.04326923076923077 0.038461538461538464
1 0.7127403846153846 0.484375 0.040865384615384616 0.038461538461538464
1 0.7860576923076923 0.5096153846153846 0.04326923076923077 0.036057692307692304
1 0.02403846153846154 0.046875 0.04326923076923077 0.055288461538461536
1 0.15985576923076922 0.0733173076923077 0.036057692307692304 0.04567307692307692
1 0.2536057692307692 0.09014423076923077 0.036057692307692304 0.036057692307692304
1 0.34615384615384615 0.0625 0.03365384615384615 0.04326923076923077