0 0.23197115384615385 0.38100961538461536 0.06009615384615385 0.0889423076923077
0 0.5144230769230769 0.38100961538461536 0.057692307692307696 0.06971153846153846
0 0.34615384615384615 0.4387019230769231 0.1201923076923077 0.13701923076923078
0 0.8605769230769231 0.44350961538461536 0.10576923076923077 0.10817307692307693
0 0.6574519230769231 0.3713942307692308 0.04567307692307692 0.06009615384615385
0 0.27283653846153844 0.6430288461538461 0.19471153846153846 0.2091346153846154
0 0.8209134615384616 0.5625 0.18990384615384615 0.1971153846153846
0 0.9807692307692307 0.4050480769230769 0.02403846153846154 0.055288461538461536
0 0.7043269230769231 0.38341346153846156 0.04807692307692308 0.06971153846153846
0 0.47836538461538464 0.3713942307692308 0.038461538461538464 0.06490384615384616
0 0.27884615384615385 0.3858173076923077 0.04807692307692308 0.06971153846153846
0 0.27163461538461536 0.9507211538461539 0.1971153846153846 0.0889423076923077