0 0.8329326923076923 0.42908653846153844 0.08413461538461539 0.08173076923076923
0 0.7367788461538461 0.3701923076923077 0.055288461538461536 0.07451923076923077
0 0.18990384615384615 0.36778846153846156 0.1201923076923077 0.12259615384615384
0 0.46634615384615385 0.3918269230769231 0.057692307692307696 0.06490384615384616
0 0.31009615384615385 0.3942307692307692 0.052884615384615384 0.06490384615384616
0 0.7884615384615384 0.3942307692307692 0.052884615384615384 0.06490384615384616
0 0.13221153846153846 0.3389423076923077 0.052884615384615384 0.09375
0 0.38341346153846156 0.4182692307692308 0.03125 0.04567307692307692
0 0.5348557692307693 0.4050480769230769 0.040865384615384616 0.057692307692307696
0 0.6081730769230769 0.41947115384615385 0.07211538461538461 0.08173076923076923
0 0.5793269230769231 0.3798076923076923 0.057692307692307696 0.06971153846153846
0 0.65625 0.4170673076923077 0.03365384615384615 0.04326923076923077
0 0.19110576923076922 0.01201923076923077 0.12259615384615384 0.02403846153846154
0 0.13341346153846154 0.019230769230769232 0.055288461538461536 0.038461538461538464