1 0.8233173076923077 0.46033653846153844 0.055288461538461536 0.0673076923076923
1 0.46033653846153844 0.4567307692307692 0.04567307692307692 0.06971153846153846
1 0.15865384615384615 0.46153846153846156 0.052884615384615384 0.07451923076923077
1 0.3112980769230769 0.4723557692307692 0.04567307692307692 0.0673076923076923
1 0.21394230769230768 0.4807692307692308 0.03365384615384615 0.04567307692307692
1 0.34615384615384615 0.4675480769230769 0.028846153846153848 0.057692307692307696
1 0.49759615384615385 0.4651442307692308 0.038461538461538464 0.0625
1 0.6165865384615384 0.43990384615384615 0.05048076923076923 0.06971153846153846
1 0.6862980769230769 0.4579326923076923 0.036057692307692304 0.04807692307692308
1 0.65625 0.46634615384615385 0.028846153846153848 0.04567307692307692
1 0.7704326923076923 0.45072115384615385 0.036057692307692304 0.04807692307692308
1 0.9399038461538461 0.4567307692307692 0.038461538461538464 0.04567307692307692
1 0.8581730769230769 0.4579326923076923 0.03365384615384615 0.057692307692307696
1 0.38341346153846156 0.45552884615384615 0.04567307692307692 0.0625
1 0.5492788461538461 0.46274038461538464 0.021634615384615384 0.03365384615384615
1 0.5757211538461539 0.4651442307692308 0.026442307692307692 0.038461538461538464