0 0.03125 0.5084134615384616 0.03365384615384615 0.04326923076923077
0 0.11177884615384616 0.5216346153846154 0.021634615384615384 0.026442307692307692
0 0.18990384615384615 0.5192307692307693 0.014423076923076924 0.026442307692307692
0 0.1502403846153846 0.5120192307692307 0.040865384615384616 0.055288461538461536
0 0.2980769230769231 0.48677884615384615 0.038461538461538464 0.052884615384615384
0 0.3449519230769231 0.47716346153846156 0.03125 0.038461538461538464
0 0.328125 0.49158653846153844 0.021634615384615384 0.03365384615384615
0 0.38461538461538464 0.48197115384615385 0.03365384615384615 0.03365384615384615
0 0.44711538461538464 0.4879807692307692 0.03365384615384615 0.04567307692307692
0 0.49278846153846156 0.47596153846153844 0.052884615384615384 0.06490384615384616
0 0.8569711538461539 0.44350961538461536 0.036057692307692304 0.04326923076923077
0 0.6502403846153846 0.4567307692307692 0.04567307692307692 0.055288461538461536