1 0.8870192307692307 0.6334134615384616 0.04807692307692308 0.055288461538461536
1 0.2848557692307692 0.2536057692307692 0.04567307692307692 0.05048076923076923
1 0.34134615384615385 0.6346153846153846 0.04326923076923077 0.04326923076923077
0 0.6466346153846154 0.25600961538461536 0.04807692307692308 0.04567307692307692
0 0.42908653846153844 0.6682692307692307 0.036057692307692304 0.04326923076923077
0 0.7824519230769231 0.6610576923076923 0.036057692307692304 0.04326923076923077
0 0.9771634615384616 0.6911057692307693 0.036057692307692304 0.04567307692307692
1 0.2848557692307692 0.056490384615384616 0.04567307692307692 0.05048076923076923
0 0.6466346153846154 0.054086538461538464 0.04807692307692308 0.04567307692307692
0 0.42788461538461536 0.9903846153846154 0.038461538461538464 0.009615384615384616
0 0.9759615384615384 0.9783653846153846 0.038461538461538464 0.03365384615384615