1 0.8918269230769231 0.35697115384615385 0.12980769230769232 0.16826923076923078
0 0.4483173076923077 0.37740384615384615 0.11778846153846154 0.1658653846153846
0 0.09254807692307693 0.31490384615384615 0.11778846153846154 0.14182692307692307
0 0.640625 0.38341346153846156 0.10336538461538461 0.1346153846153846
0 0.1814903846153846 0.3894230769230769 0.06971153846153846 0.06971153846153846
0 0.30528846153846156 0.421875 0.0625 0.08173076923076923
0 0.5588942307692307 0.3942307692307692 0.09375 0.11298076923076923
0 0.5216346153846154 0.44350961538461536 0.057692307692307696 0.08653846153846154
1 0.8930288461538461 0.026442307692307692 0.13221153846153846 0.052884615384615384
0 0.44711538461538464 0.015625 0.1201923076923077 0.03125
0 0.09134615384615384 0.040865384615384616 0.1201923076923077 0.08173076923076923