1 0.06129807692307692 0.6466346153846154 0.11778846153846154 0.1346153846153846
1 0.20552884615384615 0.5504807692307693 0.11298076923076923 0.11057692307692307
1 0.34375 0.3894230769230769 0.07692307692307693 0.07692307692307693
1 0.48197115384615385 0.5384615384615384 0.10817307692307693 0.11057692307692307
1 0.6346153846153846 0.33533653846153844 0.08653846153846154 0.09375
1 0.7668269230769231 0.49038461538461536 0.125 0.10576923076923077
1 0.734375 0.41586538461538464 0.09375 0.08653846153846154
1 0.9699519230769231 0.3449519230769231 0.05048076923076923 0.11298076923076923
1 0.9471153846153846 0.4855769230769231 0.09134615384615384 0.11057692307692307
1 0.7788461538461539 0.7584134615384616 0.15865384615384615 0.15625
1 0.7800480769230769 0.9519230769230769 0.16105769230769232 0.08653846153846154