1 0.3125 0.390625 0.04326923076923077 0.057692307692307696
1 0.8317307692307693 0.3581730769230769 0.10576923076923077 0.14182692307692307
1 0.49038461538461536 0.3798076923076923 0.04326923076923077 0.05048076923076923
1 0.5829326923076923 0.3581730769230769 0.07932692307692307 0.10336538461538461
1 0.5288461538461539 0.36658653846153844 0.04807692307692308 0.07211538461538461
1 0.6838942307692307 0.3954326923076923 0.07932692307692307 0.07692307692307693
1 0.9314903846153846 0.3762019230769231 0.05048076923076923 0.0625
1 0.8930288461538461 0.38461538461538464 0.04567307692307692 0.06490384615384616
0 0.3701923076923077 0.3786057692307692 0.057692307692307696 0.07692307692307693
1 0.8329326923076923 0.021634615384615384 0.10817307692307693 0.04326923076923077
1 0.5817307692307693 0.01201923076923077 0.08173076923076923 0.02403846153846154