0 0.6009615384615384 0.4074519230769231 0.07692307692307693 0.0985576923076923
0 0.10096153846153846 0.3894230769230769 0.10576923076923077 0.1201923076923077
0 0.6875 0.4254807692307692 0.09134615384615384 0.08653846153846154
0 0.20793269230769232 0.41466346153846156 0.06009615384615385 0.07932692307692307
0 0.27884615384615385 0.3798076923076923 0.057692307692307696 0.08173076923076923
0 0.33653846153846156 0.3329326923076923 0.09615384615384616 0.11778846153846154
0 0.5240384615384616 0.421875 0.04807692307692308 0.07451923076923077
0 0.4519230769230769 0.42788461538461536 0.0625 0.0673076923076923
0 0.10216346153846154 0.021634615384615384 0.10817307692307693 0.04326923076923077
0 0.2800480769230769 0.016826923076923076 0.06009615384615385 0.03365384615384615
0 0.33774038461538464 0.04927884615384615 0.0985576923076923 0.0985576923076923