1 0.8353365384615384 0.27163461538461536 0.20432692307692307 0.20192307692307693
1 0.6682692307692307 0.2608173076923077 0.11057692307692307 0.11778846153846154
1 0.19471153846153846 0.2283653846153846 0.10576923076923077 0.1201923076923077
1 0.5685096153846154 0.28725961538461536 0.10336538461538461 0.14182692307692307
1 0.05048076923076923 0.2439903846153846 0.057692307692307696 0.07451923076923077
1 0.2956730769230769 0.23197115384615385 0.12980769230769232 0.13221153846153846
0 0.4375 0.24519230769230768 0.11057692307692307 0.1346153846153846
0 0.1141826923076923 0.2403846153846154 0.04567307692307692 0.0673076923076923
0 0.9375 0.2800480769230769 0.0673076923076923 0.17067307692307693
1 0.8341346153846154 0.07932692307692307 0.20673076923076922 0.15865384615384615
1 0.6682692307692307 0.06850961538461539 0.11057692307692307 0.11778846153846154
1 0.19471153846153846 0.0985576923076923 0.10576923076923077 0.1201923076923077
1 0.5673076923076923 0.056490384615384616 0.10576923076923077 0.11298076923076923
1 0.05048076923076923 0.08533653846153846 0.057692307692307696 0.07451923076923077
1 0.2956730769230769 0.09735576923076923 0.12980769230769232 0.13221153846153846
0 0.4375 0.08173076923076923 0.11057692307692307 0.1346153846153846
0 0.1141826923076923 0.08653846153846154 0.04567307692307692 0.0673076923076923
0 0.9387019230769231 0.0673076923076923 0.06971153846153846 0.1346153846153846