1 0.9134615384615384 0.35336538461538464 0.0673076923076923 0.08173076923076923
1 0.5949519230769231 0.3701923076923077 0.040865384615384616 0.052884615384615384
0 0.7848557692307693 0.40024038461538464 0.06490384615384616 0.07932692307692307
0 0.4567307692307692 0.3605769230769231 0.0673076923076923 0.08173076923076923
0 0.04447115384615385 0.3557692307692308 0.07932692307692307 0.09134615384615384
0 0.3545673076923077 0.36899038461538464 0.055288461538461536 0.07451923076923077
0 0.6514423076923077 0.4050480769230769 0.057692307692307696 0.07451923076923077
0 0.10697115384615384 0.38221153846153844 0.05048076923076923 0.0673076923076923
1 0.6262019230769231 0.36899038461538464 0.036057692307692304 0.055288461538461536
1 0.22716346153846154 0.35216346153846156 0.040865384615384616 0.055288461538461536
1 0.2764423076923077 0.3629807692307692 0.04326923076923077 0.057692307692307696
1 0.41346153846153844 0.33413461538461536 0.04326923076923077 0.0625
1 0.3161057692307692 0.34134615384615385 0.055288461538461536 0.0673076923076923