1 0.6286057692307693 0.25721153846153844 0.06971153846153846 0.08173076923076923
1 0.5685096153846154 0.3233173076923077 0.06971153846153846 0.10817307692307693
1 0.8161057692307693 0.4014423076923077 0.12259615384615384 0.14903846153846154
1 0.40384615384615385 0.2776442307692308 0.07211538461538461 0.10817307692307693
1 0.7127403846153846 0.2403846153846154 0.06971153846153846 0.07692307692307693
1 0.5132211538461539 0.25961538461538464 0.06009615384615385 0.07211538461538461
1 0.7043269230769231 0.3161057692307692 0.07692307692307693 0.11298076923076923
1 0.9038461538461539 0.27403846153846156 0.08653846153846154 0.10096153846153846
1 0.19951923076923078 0.44350961538461536 0.13942307692307693 0.16105769230769232
1 0.2704326923076923 0.33052884615384615 0.07932692307692307 0.10336538461538461
1 0.7704326923076923 0.30408653846153844 0.06971153846153846 0.10336538461538461
1 0.09975961538461539 0.328125 0.09375 0.11298076923076923
1 0.5661057692307693 0.2439903846153846 0.055288461538461536 0.07451923076923077
1 0.08173076923076923 0.43028846153846156 0.12980769230769232 0.15865384615384615
1 0.6358173076923077 0.359375 0.09375 0.12740384615384615
1 0.34134615384615385 0.3701923076923077 0.10576923076923077 0.12980769230769232
1 0.46274038461538464 0.35336538461538464 0.10336538461538461 0.15384615384615385
1 0.9699519230769231 0.3786057692307692 0.05048076923076923 0.13701923076923078
1 0.3449519230769231 0.24759615384615385 0.04567307692307692 0.07211538461538461
1 0.24158653846153846 0.2668269230769231 0.06009615384615385 0.0625
1 0.6286057692307693 0.10817307692307693 0.06971153846153846 0.08173076923076923
1 0.5673076923076923 0.04927884615384615 0.07211538461538461 0.0985576923076923
1 0.8149038461538461 0.020432692307692308 0.125 0.040865384615384616
1 0.40384615384615385 0.09014423076923077 0.07211538461538461 0.10817307692307693
1 0.7127403846153846 0.125 0.06971153846153846 0.07692307692307693
1 0.5132211538461539 0.10576923076923077 0.06009615384615385 0.07211538461538461
1 0.7055288461538461 0.054086538461538464 0.07932692307692307 0.10817307692307693
1 0.9038461538461539 0.09134615384615384 0.08653846153846154 0.10096153846153846
1 0.2692307692307692 0.04447115384615385 0.08173076923076923 0.0889423076923077
1 0.7704326923076923 0.06370192307692307 0.06971153846153846 0.10336538461538461
1 0.0985576923076923 0.04807692307692308 0.09615384615384616 0.09615384615384616
1 0.5661057692307693 0.12379807692307693 0.055288461538461536 0.07451923076923077
1 0.6346153846153846 0.036057692307692304 0.09615384615384616 0.07211538461538461
1 0.3425480769230769 0.03125 0.10817307692307693 0.0625
1 0.46153846153846156 0.04567307692307692 0.10576923076923077 0.09134615384615384
1 0.96875 0.028846153846153848 0.052884615384615384 0.057692307692307696
1 0.3449519230769231 0.11778846153846154 0.04567307692307692 0.07211538461538461
1 0.24158653846153846 0.0985576923076923 0.06009615384615385 0.0625