1 0.5961538461538461 0.37259615384615385 0.11057692307692307 0.12980769230769232
1 0.8497596153846154 0.421875 0.06971153846153846 0.08413461538461539
1 0.15264423076923078 0.421875 0.07932692307692307 0.0985576923076923
1 0.09495192307692307 0.41586538461538464 0.05048076923076923 0.0673076923076923
1 0.7716346153846154 0.40024038461538464 0.052884615384615384 0.06971153846153846
1 0.3954326923076923 0.44711538461538464 0.0985576923076923 0.15865384615384615
1 0.9543269230769231 0.390625 0.052884615384615384 0.10817307692307693
1 0.45072115384615385 0.39663461538461536 0.03125 0.04807692307692308
1 0.71875 0.421875 0.04326923076923077 0.04567307692307692
1 0.6923076923076923 0.4050480769230769 0.02403846153846154 0.03125
0 0.5048076923076923 0.390625 0.03365384615384615 0.04567307692307692
1 0.5973557692307693 0.06129807692307692 0.11298076923076923 0.12259615384615384
1 0.8485576923076923 0.025240384615384616 0.07211538461538461 0.05048076923076923
1 0.15144230769230768 0.028846153846153848 0.08173076923076923 0.057692307692307696
1 0.09375 0.02403846153846154 0.052884615384615384 0.04807692307692308
1 0.7728365384615384 0.03245192307692308 0.055288461538461536 0.06490384615384616
1 0.3942307692307692 0.03125 0.10096153846153846 0.0625
1 0.9555288461538461 0.046875 0.055288461538461536 0.09375
1 0.45072115384615385 0.03125 0.03125 0.04807692307692308
1 0.7199519230769231 0.015625 0.04567307692307692 0.03125
1 0.6923076923076923 0.025240384615384616 0.02403846153846154 0.03125
0 0.5048076923076923 0.039663461538461536 0.03365384615384615 0.04567307692307692