0 0.28125 0.3425480769230769 0.12980769230769232 0.18269230769230768
0 0.7355769230769231 0.4362980769230769 0.12980769230769232 0.17307692307692307
0 0.4675480769230769 0.3954326923076923 0.11778846153846154 0.15384615384615385
0 0.8473557692307693 0.3401442307692308 0.12740384615384615 0.16826923076923078
0 0.7247596153846154 0.3473557692307692 0.10336538461538461 0.10096153846153846
0 0.16466346153846154 0.359375 0.10336538461538461 0.1201923076923077
0 0.6502403846153846 0.39903846153846156 0.07451923076923077 0.13221153846153846
0 0.9495192307692307 0.33653846153846156 0.08653846153846154 0.17548076923076922
0 0.5240384615384616 0.37259615384615385 0.0625 0.14182692307692307
0 0.34615384615384615 0.3786057692307692 0.0673076923076923 0.15384615384615385
0 0.2824519230769231 0.07572115384615384 0.13221153846153846 0.15144230769230768
0 0.7367788461538461 0.026442307692307692 0.13221153846153846 0.052884615384615384
0 0.46634615384615385 0.042067307692307696 0.1201923076923077 0.08413461538461539
0 0.8461538461538461 0.0733173076923077 0.12980769230769232 0.1466346153846154
0 0.7247596153846154 0.052884615384615384 0.10336538461538461 0.10096153846153846
0 0.16346153846153846 0.051682692307692304 0.10576923076923077 0.10336538461538461
0 0.05889423076923077 0.07572115384615384 0.11778846153846154 0.15144230769230768
0 0.6490384615384616 0.03485576923076923 0.07692307692307693 0.06971153846153846
0 0.9507211538461539 0.07692307692307693 0.0889423076923077 0.15384615384615385
0 0.5252403846153846 0.05048076923076923 0.06490384615384616 0.10096153846153846
0 0.3473557692307692 0.05048076923076923 0.06971153846153846 0.10096153846153846