0 0.9182692307692307 0.4483173076923077 0.09615384615384616 0.08653846153846154
0 0.28125 0.4254807692307692 0.057692307692307696 0.06971153846153846
0 0.8016826923076923 0.44711538461538464 0.06971153846153846 0.07451923076923077
0 0.5745192307692307 0.43149038461538464 0.052884615384615384 0.057692307692307696
0 0.9663461538461539 0.4026442307692308 0.04807692307692308 0.09134615384615384
1 0.328125 0.43028846153846156 0.03125 0.055288461538461536
1 0.39783653846153844 0.4387019230769231 0.03125 0.038461538461538464
1 0.5276442307692307 0.4483173076923077 0.03125 0.038461538461538464
0 0.44591346153846156 0.4543269230769231 0.03125 0.040865384615384616
0 0.3605769230769231 0.453125 0.03365384615384615 0.04326923076923077
0 0.6322115384615384 0.45552884615384615 0.04807692307692308 0.0625
0 0.6694711538461539 0.44471153846153844 0.026442307692307692 0.040865384615384616
0 0.7367788461538461 0.45072115384615385 0.040865384615384616 0.04326923076923077