1 0.5192307692307693 0.3137019230769231 0.08173076923076923 0.11538461538461539
1 0.1310096153846154 0.31971153846153844 0.08413461538461539 0.11298076923076923
1 0.7608173076923077 0.3245192307692308 0.10336538461538461 0.13701923076923078
1 0.23677884615384615 0.31490384615384615 0.0985576923076923 0.13701923076923078
1 0.43028846153846156 0.34975961538461536 0.052884615384615384 0.0625
0 0.3269230769230769 0.3473557692307692 0.0673076923076923 0.09134615384615384
1 0.5793269230769231 0.34375 0.052884615384615384 0.07932692307692307
1 0.019230769230769232 0.4050480769230769 0.02403846153846154 0.038461538461538464
1 0.9435096153846154 0.43509615384615385 0.036057692307692304 0.05048076923076923
1 0.5204326923076923 0.056490384615384616 0.08413461538461539 0.11298076923076923
1 0.12980769230769232 0.052884615384615384 0.08653846153846154 0.10576923076923077
1 0.7596153846153846 0.056490384615384616 0.10576923076923077 0.11298076923076923
1 0.23557692307692307 0.06129807692307692 0.10096153846153846 0.12259615384615384
1 0.43149038461538464 0.025240384615384616 0.055288461538461536 0.05048076923076923
0 0.328125 0.03365384615384615 0.06971153846153846 0.0673076923076923
1 0.5805288461538461 0.03245192307692308 0.055288461538461536 0.06490384615384616