0 0.3293269230769231 0.3737980769230769 0.08653846153846154 0.09615384615384616
0 0.08052884615384616 0.3112980769230769 0.0985576923076923 0.10576923076923077
0 0.9507211538461539 0.3389423076923077 0.0889423076923077 0.11778846153846154
0 0.5540865384615384 0.3425480769230769 0.06490384615384616 0.08173076923076923
0 0.4675480769230769 0.34375 0.05048076923076923 0.06971153846153846
0 0.28125 0.3112980769230769 0.057692307692307696 0.07211538461538461
0 0.7536057692307693 0.3233173076923077 0.06490384615384616 0.07692307692307693
0 0.7103365384615384 0.31009615384615385 0.04567307692307692 0.06971153846153846
0 0.5072115384615384 0.28966346153846156 0.04326923076923077 0.07211538461538461
0 0.3858173076923077 0.31009615384615385 0.04567307692307692 0.06009615384615385
0 0.20432692307692307 0.2956730769230769 0.04807692307692308 0.055288461538461536
0 0.3317307692307692 0.3125 0.03365384615384615 0.04567307692307692
0 0.8689903846153846 0.3112980769230769 0.036057692307692304 0.04326923076923077
0 0.7932692307692307 0.3161057692307692 0.03365384615384615 0.04807692307692308
0 0.07932692307692307 0.036057692307692304 0.10096153846153846 0.07211538461538461
0 0.9495192307692307 0.025240384615384616 0.09134615384615384 0.05048076923076923
0 0.5528846153846154 0.014423076923076924 0.0673076923076923 0.028846153846153848
0 0.46634615384615385 0.010817307692307692 0.052884615384615384 0.021634615384615384
0 0.2824519230769231 0.027644230769230768 0.06009615384615385 0.055288461538461536
0 0.7524038461538461 0.02283653846153846 0.0673076923076923 0.04567307692307692
0 0.7091346153846154 0.027644230769230768 0.04807692307692308 0.055288461538461536
0 0.5072115384615384 0.038461538461538464 0.04326923076923077 0.07211538461538461
0 0.38461538461538464 0.025240384615384616 0.04807692307692308 0.05048076923076923
0 0.20432692307692307 0.03485576923076923 0.04807692307692308 0.055288461538461536
0 0.3329326923076923 0.020432692307692308 0.036057692307692304 0.040865384615384616
0 0.8677884615384616 0.020432692307692308 0.038461538461538464 0.040865384615384616
0 0.7944711538461539 0.019230769230769232 0.036057692307692304 0.038461538461538464