0 0.17067307692307693 0.3737980769230769 0.07692307692307693 0.08413461538461539
0 0.06971153846153846 0.33653846153846156 0.0673076923076923 0.0625
0 0.7115384615384616 0.3125 0.07211538461538461 0.07692307692307693
0 0.22956730769230768 0.3245192307692308 0.06009615384615385 0.07692307692307693
0 0.921875 0.4254807692307692 0.11778846153846154 0.14423076923076922
0 0.8533653846153846 0.33653846153846156 0.057692307692307696 0.057692307692307696
0 0.7944711538461539 0.36177884615384615 0.07932692307692307 0.10336538461538461
0 0.09134615384615384 0.39302884615384615 0.0673076923076923 0.11778846153846154
0 0.4831730769230769 0.3076923076923077 0.052884615384615384 0.057692307692307696
0 0.7451923076923077 0.3581730769230769 0.04326923076923077 0.09615384615384616
0 0.17067307692307693 0.056490384615384616 0.07692307692307693 0.08413461538461539
0 0.06971153846153846 0.09134615384615384 0.0673076923076923 0.0625
0 0.7115384615384616 0.11538461538461539 0.07211538461538461 0.07692307692307693
0 0.22956730769230768 0.10336538461538461 0.06009615384615385 0.07692307692307693
0 0.9206730769230769 0.038461538461538464 0.1201923076923077 0.07692307692307693
0 0.8533653846153846 0.09134615384615384 0.057692307692307696 0.057692307692307696
0 0.7944711538461539 0.06850961538461539 0.07932692307692307 0.10336538461538461
0 0.09254807692307693 0.04807692307692308 0.06971153846153846 0.09615384615384616
0 0.4831730769230769 0.1201923076923077 0.052884615384615384 0.057692307692307696
0 0.7451923076923077 0.06971153846153846 0.04326923076923077 0.09615384615384616