1 0.06971153846153846 0.34615384615384615 0.057692307692307696 0.06490384615384616
0 0.3112980769230769 0.34615384615384615 0.07451923076923077 0.07932692307692307
0 0.47596153846153844 0.36538461538461536 0.07211538461538461 0.07451923076923077
0 0.8052884615384616 0.36778846153846156 0.057692307692307696 0.08413461538461539
0 0.6237980769230769 0.3605769230769231 0.05048076923076923 0.06971153846153846
1 0.5384615384615384 0.35336538461538464 0.02403846153846154 0.040865384615384616
1 0.37259615384615385 0.35096153846153844 0.03365384615384615 0.05048076923076923
1 0.5709134615384616 0.3557692307692308 0.03125 0.05048076923076923
1 0.7524038461538461 0.3641826923076923 0.028846153846153848 0.04326923076923077
0 0.8978365384615384 0.3701923076923077 0.036057692307692304 0.05048076923076923
0 0.1310096153846154 0.35096153846153844 0.040865384615384616 0.04567307692307692
0 0.16826923076923078 0.3473557692307692 0.02403846153846154 0.03365384615384615
1 0.06971153846153846 0.09014423076923077 0.057692307692307696 0.06490384615384616
0 0.3112980769230769 0.09014423076923077 0.07451923076923077 0.07932692307692307
0 0.47596153846153844 0.07091346153846154 0.07211538461538461 0.07451923076923077
0 0.8052884615384616 0.06850961538461539 0.057692307692307696 0.08413461538461539
0 0.6237980769230769 0.07572115384615384 0.05048076923076923 0.06971153846153846
1 0.5384615384615384 0.0829326923076923 0.02403846153846154 0.040865384615384616
1 0.37259615384615385 0.08533653846153846 0.03365384615384615 0.05048076923076923
1 0.5709134615384616 0.08052884615384616 0.03125 0.05048076923076923
1 0.7524038461538461 0.06971153846153846 0.028846153846153848 0.04326923076923077
0 0.8978365384615384 0.06610576923076923 0.036057692307692304 0.05048076923076923
0 0.1310096153846154 0.08533653846153846 0.040865384615384616 0.04567307692307692
0 0.16826923076923078 0.08653846153846154 0.02403846153846154 0.03365384615384615