1 0.7524038461538461 0.3004807692307692 0.08173076923076923 0.11298076923076923
1 0.16826923076923078 0.2980769230769231 0.08173076923076923 0.10336538461538461
1 0.4411057692307692 0.3269230769230769 0.06490384615384616 0.09375
1 0.5168269230769231 0.3245192307692308 0.08173076923076923 0.11298076923076923
1 0.25 0.3161057692307692 0.057692307692307696 0.08173076923076923
1 0.6069711538461539 0.3125 0.06490384615384616 0.0985576923076923
1 0.3389423076923077 0.3088942307692308 0.057692307692307696 0.09134615384615384
1 0.8293269230769231 0.32091346153846156 0.11057692307692307 0.12980769230769232
1 0.9723557692307693 0.38341346153846156 0.04567307692307692 0.057692307692307696
1 0.11177884615384616 0.3389423076923077 0.06009615384615385 0.06009615384615385
1 0.7536057692307693 0.04326923076923077 0.08413461538461539 0.08653846153846154
1 0.16947115384615385 0.042067307692307696 0.08413461538461539 0.08413461538461539
1 0.43990384615384615 0.025240384615384616 0.0673076923076923 0.05048076923076923
1 0.5180288461538461 0.03125 0.08413461538461539 0.0625
1 0.2512019230769231 0.027644230769230768 0.06009615384615385 0.055288461538461536
1 0.6057692307692307 0.03365384615384615 0.0673076923076923 0.0673076923076923
1 0.3401442307692308 0.03365384615384615 0.06009615384615385 0.0673076923076923
1 0.8305288461538461 0.037259615384615384 0.11298076923076923 0.07451923076923077
1 0.027644230769230768 0.016826923076923076 0.055288461538461536 0.03365384615384615
1 0.11057692307692307 0.010817307692307692 0.0625 0.021634615384615384