1 0.14543269230769232 0.27283653846153844 0.13701923076923078 0.15865384615384615
1 0.3894230769230769 0.3557692307692308 0.09134615384615384 0.11778846153846154
1 0.5384615384615384 0.39663461538461536 0.057692307692307696 0.07451923076923077
1 0.9519230769230769 0.38221153846153844 0.08173076923076923 0.12259615384615384
1 0.7788461538461539 0.42427884615384615 0.0673076923076923 0.0673076923076923
1 0.2932692307692308 0.39663461538461536 0.057692307692307696 0.08413461538461539
1 0.6394230769230769 0.3473557692307692 0.09615384615384616 0.1346153846153846
1 0.8798076923076923 0.41947115384615385 0.03365384615384615 0.057692307692307696
1 0.14423076923076922 0.06850961538461539 0.13942307692307693 0.13701923076923078
1 0.390625 0.016826923076923076 0.09375 0.03365384615384615
1 0.640625 0.025240384615384616 0.0985576923076923 0.05048076923076923