0 0.16105769230769232 0.5060096153846154 0.057692307692307696 0.0625
0 0.48197115384615385 0.5024038461538461 0.04567307692307692 0.055288461538461536
0 0.9519230769230769 0.5108173076923077 0.038461538461538464 0.04326923076923077
0 0.27163461538461536 0.5204326923076923 0.028846153846153848 0.038461538461538464
0 0.3076923076923077 0.5192307692307693 0.028846153846153848 0.036057692307692304
0 0.3641826923076923 0.5216346153846154 0.03125 0.036057692307692304
0 0.38822115384615385 0.5168269230769231 0.021634615384615384 0.036057692307692304
0 0.44471153846153844 0.5132211538461539 0.03365384615384615 0.04326923076923077
0 0.5733173076923077 0.5264423076923077 0.040865384615384616 0.04567307692307692
0 0.7932692307692307 0.5192307692307693 0.038461538461538464 0.04567307692307692
0 0.9122596153846154 0.5192307692307693 0.036057692307692304 0.036057692307692304
0 0.8401442307692307 0.5204326923076923 0.036057692307692304 0.038461538461538464
0 0.7355769230769231 0.5048076923076923 0.03365384615384615 0.040865384615384616
0 0.6310096153846154 0.53125 0.03125 0.040865384615384616
0 0.6550480769230769 0.5252403846153846 0.026442307692307692 0.04326923076923077
0 0.052884615384615384 0.5204326923076923 0.028846153846153848 0.038461538461538464
0 0.20072115384615385 0.515625 0.026442307692307692 0.04326923076923077