1 0.2776442307692308 0.28725961538461536 0.06009615384615385 0.07692307692307693
1 0.7572115384615384 0.34615384615384615 0.11538461538461539 0.13221153846153846
1 0.44471153846153844 0.36177884615384615 0.11057692307692307 0.14903846153846154
1 0.10336538461538461 0.35216346153846156 0.10576923076923077 0.125
1 0.2127403846153846 0.38341346153846156 0.11298076923076923 0.12980769230769232
1 0.5192307692307693 0.21153846153846154 0.0625 0.04807692307692308
0 0.5564903846153846 0.35697115384615385 0.07932692307692307 0.09134615384615384
1 0.2776442307692308 0.0889423076923077 0.06009615384615385 0.07692307692307693
1 0.7584134615384616 0.04927884615384615 0.11778846153846154 0.0985576923076923
1 0.44591346153846156 0.04567307692307692 0.11298076923076923 0.09134615384615384
1 0.1045673076923077 0.04447115384615385 0.10817307692307693 0.0889423076923077
1 0.21153846153846154 0.030048076923076924 0.11538461538461539 0.06009615384615385
1 0.5192307692307693 0.16346153846153846 0.0625 0.04807692307692308
0 0.5552884615384616 0.03365384615384615 0.08173076923076923 0.0673076923076923