1 0.6177884615384616 0.6923076923076923 0.05048076923076923 0.0625
0 0.21634615384615385 0.7163461538461539 0.02403846153846154 0.04807692307692308
0 0.24519230769230768 0.7403846153846154 0.028846153846153848 0.038461538461538464
0 0.32091346153846156 0.7283653846153846 0.04326923076923077 0.04326923076923077
0 0.43509615384615385 0.7319711538461539 0.036057692307692304 0.036057692307692304
0 0.7151442307692307 0.7331730769230769 0.04807692307692308 0.052884615384615384
0 0.7512019230769231 0.703125 0.040865384615384616 0.04567307692307692
0 0.6490384615384616 0.7067307692307693 0.036057692307692304 0.04326923076923077
0 0.5408653846153846 0.7043269230769231 0.036057692307692304 0.04326923076923077
0 0.5829326923076923 0.703125 0.03365384615384615 0.04567307692307692
0 0.4651442307692308 0.71875 0.038461538461538464 0.038461538461538464
0 0.38461538461538464 0.7223557692307693 0.040865384615384616 0.04567307692307692
1 0.9699519230769231 0.6923076923076923 0.05048076923076923 0.0625
0 0.1875 0.7163461538461539 0.02403846153846154 0.04807692307692308
0 0.15865384615384615 0.7403846153846154 0.028846153846153848 0.038461538461538464
0 0.08413461538461539 0.7283653846153846 0.04326923076923077 0.04326923076923077
0 0.8701923076923077 0.7331730769230769 0.04807692307692308 0.052884615384615384
0 0.8377403846153846 0.703125 0.040865384615384616 0.04567307692307692
0 0.9387019230769231 0.7067307692307693 0.036057692307692304 0.04326923076923077
0 0.9903846153846154 0.7019230769230769 0.009615384615384616 0.04807692307692308
0 0.02283653846153846 0.7223557692307693 0.040865384615384616 0.04567307692307692