0 0.06129807692307692 0.3798076923076923 0.07932692307692307 0.09615384615384616
0 0.49399038461538464 0.3701923076923077 0.08413461538461539 0.11057692307692307
0 0.27403846153846156 0.39663461538461536 0.08173076923076923 0.10096153846153846
0 0.75 0.3581730769230769 0.08653846153846154 0.11538461538461539
0 0.5733173076923077 0.3894230769230769 0.055288461538461536 0.08173076923076923
0 0.13221153846153846 0.3798076923076923 0.04326923076923077 0.052884615384615384
0 0.22355769230769232 0.38341346153846156 0.028846153846153848 0.04567307692307692
0 0.36658653846153844 0.37740384615384615 0.036057692307692304 0.04807692307692308
0 0.6201923076923077 0.3858173076923077 0.03365384615384615 0.04567307692307692
0 0.32572115384615385 0.3786057692307692 0.036057692307692304 0.055288461538461536
0 0.7512019230769231 0.014423076923076924 0.0889423076923077 0.028846153846153848