0 0.038461538461538464 0.3545673076923077 0.04807692307692308 0.055288461538461536
0 0.12740384615384615 0.3473557692307692 0.0673076923076923 0.08413461538461539
0 0.22355769230769232 0.3713942307692308 0.04807692307692308 0.06490384615384616
0 0.3545673076923077 0.36778846153846156 0.06971153846153846 0.08173076923076923
0 0.4026442307692308 0.3701923076923077 0.040865384615384616 0.057692307692307696
0 0.4795673076923077 0.35697115384615385 0.055288461538461536 0.08413461538461539
0 0.5108173076923077 0.37259615384615385 0.026442307692307692 0.04807692307692308
0 0.5793269230769231 0.34375 0.07211538461538461 0.09615384615384616
0 0.6141826923076923 0.359375 0.04567307692307692 0.06971153846153846
0 0.765625 0.40024038461538464 0.05048076923076923 0.06971153846153846
0 0.8137019230769231 0.36177884615384615 0.05048076923076923 0.06009615384615385
0 0.8822115384615384 0.3786057692307692 0.08653846153846154 0.09375
0 0.9447115384615384 0.3737980769230769 0.038461538461538464 0.06009615384615385
0 0.12860576923076922 0.038461538461538464 0.06971153846153846 0.07692307692307693
0 0.2247596153846154 0.021634615384615384 0.05048076923076923 0.04326923076923077
0 0.35336538461538464 0.027644230769230768 0.07211538461538461 0.055288461538461536
0 0.4014423076923077 0.020432692307692308 0.04326923076923077 0.040865384615384616
0 0.47836538461538464 0.03365384615384615 0.057692307692307696 0.0673076923076923
0 0.5096153846153846 0.016826923076923076 0.028846153846153848 0.03365384615384615
0 0.5805288461538461 0.04326923076923077 0.07451923076923077 0.08653846153846154
0 0.6129807692307693 0.028846153846153848 0.04807692307692308 0.057692307692307696
0 0.7644230769230769 0.008413461538461538 0.052884615384615384 0.016826923076923076
0 0.8125 0.025240384615384616 0.052884615384615384 0.05048076923076923
0 0.8834134615384616 0.025240384615384616 0.0889423076923077 0.05048076923076923
0 0.9459134615384616 0.019230769230769232 0.040865384615384616 0.038461538461538464