0 0.9651442307692307 0.4266826923076923 0.06009615384615385 0.07692307692307693
0 0.07692307692307693 0.421875 0.0673076923076923 0.07211538461538461
0 0.59375 0.42788461538461536 0.052884615384615384 0.06490384615384616
0 0.20072115384615385 0.4387019230769231 0.04567307692307692 0.0625
0 0.3245192307692308 0.44711538461538464 0.03365384615384615 0.040865384615384616
0 0.1502403846153846 0.46634615384615385 0.05048076923076923 0.055288461538461536
0 0.2620192307692308 0.4519230769230769 0.038461538461538464 0.055288461538461536
0 0.3954326923076923 0.44350961538461536 0.04567307692307692 0.052884615384615384
0 0.43149038461538464 0.4387019230769231 0.036057692307692304 0.04326923076923077
0 0.5024038461538461 0.4387019230769231 0.038461538461538464 0.052884615384615384
0 0.5324519230769231 0.44711538461538464 0.03125 0.040865384615384616
0 0.6887019230769231 0.44711538461538464 0.05048076923076923 0.06009615384615385
0 0.6610576923076923 0.4326923076923077 0.03365384615384615 0.055288461538461536
0 0.7379807692307693 0.44471153846153844 0.03365384615384615 0.04567307692307692
0 0.8209134615384616 0.421875 0.05048076923076923 0.057692307692307696