1 0.2956730769230769 0.5360576923076923 0.0625 0.08413461538461539
1 0.796875 0.3762019230769231 0.15144230769230768 0.19230769230769232
1 0.1971153846153846 0.5649038461538461 0.04807692307692308 0.06009615384615385
1 0.44711538461538464 0.46875 0.09134615384615384 0.12740384615384615
1 0.13942307692307693 0.5901442307692307 0.038461538461538464 0.04326923076923077
1 0.109375 0.5889423076923077 0.03125 0.03125
1 0.07932692307692307 0.5901442307692307 0.02403846153846154 0.028846153846153848
1 0.296875 0.9807692307692307 0.06490384615384616 0.028846153846153848
1 0.7956730769230769 0.08533653846153846 0.15384615384615385 0.17067307692307693
1 0.19831730769230768 0.9723557692307693 0.05048076923076923 0.04567307692307692
1 0.4483173076923077 0.02283653846153846 0.09375 0.04567307692307692
1 0.13942307692307693 0.9543269230769231 0.038461538461538464 0.04326923076923077
1 0.109375 0.9579326923076923 0.03125 0.03125
1 0.07932692307692307 0.9543269230769231 0.02403846153846154 0.028846153846153848