1 0.7548076923076923 0.30528846153846156 0.0673076923076923 0.06971153846153846
1 0.3317307692307692 0.2704326923076923 0.09134615384615384 0.09134615384615384
1 0.8473557692307693 0.30288461538461536 0.12740384615384615 0.13701923076923078
1 0.18028846153846154 0.2932692307692308 0.08173076923076923 0.08413461538461539
1 0.44350961538461536 0.59375 0.06009615384615385 0.055288461538461536
1 0.21634615384615385 0.2800480769230769 0.057692307692307696 0.08173076923076923
1 0.03125 0.4723557692307692 0.057692307692307696 0.08653846153846154
1 0.08533653846153846 0.28846153846153844 0.040865384615384616 0.055288461538461536
1 0.13942307692307693 0.2956730769230769 0.04807692307692308 0.055288461538461536
1 0.4831730769230769 0.40865384615384615 0.057692307692307696 0.05048076923076923
1 0.41346153846153844 0.40865384615384615 0.04326923076923077 0.05048076923076923
1 0.7548076923076923 0.1310096153846154 0.0673076923076923 0.06971153846153846
1 0.3317307692307692 0.16346153846153846 0.09134615384615384 0.09134615384615384
1 0.8473557692307693 0.13341346153846154 0.12740384615384615 0.13701923076923078
1 0.18028846153846154 0.14302884615384615 0.08173076923076923 0.08413461538461539
1 0.44350961538461536 0.9675480769230769 0.06009615384615385 0.055288461538461536
1 0.21634615384615385 0.15384615384615385 0.057692307692307696 0.08173076923076923
1 0.08533653846153846 0.14783653846153846 0.040865384615384616 0.055288461538461536
1 0.13942307692307693 0.140625 0.04807692307692308 0.055288461538461536
1 0.4831730769230769 0.027644230769230768 0.057692307692307696 0.05048076923076923
1 0.41346153846153844 0.027644230769230768 0.04326923076923077 0.05048076923076923