1 0.4675480769230769 0.38221153846153844 0.11298076923076923 0.1201923076923077
1 0.21514423076923078 0.45913461538461536 0.1466346153846154 0.1346153846153846
1 0.2980769230769231 0.20072115384615385 0.04807692307692308 0.06971153846153846
0 0.8774038461538461 0.2403846153846154 0.10576923076923077 0.12980769230769232
0 0.7620192307692307 0.4182692307692308 0.09615384615384616 0.11057692307692307
0 0.8317307692307693 0.5504807692307693 0.11057692307692307 0.10576923076923077
0 0.9771634615384616 0.45913461538461536 0.036057692307692304 0.11538461538461539
0 0.6947115384615384 0.19230769230769232 0.07211538461538461 0.057692307692307696
1 0.2980769230769231 0.12860576923076922 0.04807692307692308 0.06971153846153846
0 0.8774038461538461 0.08653846153846154 0.10576923076923077 0.12980769230769232
0 0.6947115384615384 0.1346153846153846 0.07211538461538461 0.057692307692307696