0 0.390625 0.42788461538461536 0.06971153846153846 0.08653846153846154
0 0.6153846153846154 0.390625 0.057692307692307696 0.06490384615384616
0 0.8677884615384616 0.36658653846153844 0.057692307692307696 0.06971153846153846
0 0.7896634615384616 0.34615384615384615 0.10817307692307693 0.12980769230769232
0 0.30649038461538464 0.43509615384615385 0.04567307692307692 0.052884615384615384
0 0.07932692307692307 0.4519230769230769 0.052884615384615384 0.057692307692307696
0 0.17668269230769232 0.4519230769230769 0.04567307692307692 0.057692307692307696
0 0.4735576923076923 0.41947115384615385 0.04326923076923077 0.055288461538461536
0 0.9771634615384616 0.31971153846153844 0.036057692307692304 0.17307692307692307
0 0.7884615384615384 0.021634615384615384 0.11057692307692307 0.04326923076923077
0 0.9759615384615384 0.04567307692307692 0.038461538461538464 0.09134615384615384