1 0.6887019230769231 0.6706730769230769 0.026442307692307692 0.03365384615384615
1 0.24879807692307693 0.6057692307692307 0.055288461538461536 0.057692307692307696
1 0.3485576923076923 0.5192307692307693 0.04807692307692308 0.052884615384615384
1 0.4495192307692308 0.4483173076923077 0.052884615384615384 0.06009615384615385
1 0.625 0.2860576923076923 0.0625 0.057692307692307696
1 0.5408653846153846 0.6706730769230769 0.03365384615384615 0.038461538461538464
1 0.9362980769230769 0.6682692307692307 0.06490384615384616 0.08173076923076923
1 0.8930288461538461 0.6526442307692307 0.055288461538461536 0.06971153846153846
1 0.7307692307692307 0.7067307692307693 0.08173076923076923 0.10576923076923077
1 0.8052884615384616 0.6742788461538461 0.038461538461538464 0.05048076923076923
1 0.6875 0.984375 0.028846153846153848 0.021634615384615384
1 0.625 0.036057692307692304 0.0625 0.057692307692307696
1 0.5420673076923077 0.9831730769230769 0.036057692307692304 0.02403846153846154
1 0.9350961538461539 0.9735576923076923 0.0673076923076923 0.04326923076923077
1 0.8918269230769231 0.984375 0.057692307692307696 0.021634615384615384
1 0.7319711538461539 0.9483173076923077 0.08413461538461539 0.09375
1 0.8064903846153846 0.9783653846153846 0.040865384615384616 0.03365384615384615