0 0.9435096153846154 0.43149038461538464 0.06490384615384616 0.08173076923076923
0 0.5997596153846154 0.4855769230769231 0.13221153846153846 0.14182692307692307
0 0.8713942307692307 0.4675480769230769 0.07451923076923077 0.07211538461538461
0 0.7007211538461539 0.4375 0.055288461538461536 0.06490384615384616
0 0.06370192307692307 0.421875 0.09375 0.08173076923076923
0 0.8088942307692307 0.45913461538461536 0.0889423076923077 0.0985576923076923
0 0.265625 0.4831730769230769 0.13221153846153846 0.14182692307692307
0 0.5216346153846154 0.38100961538461536 0.04807692307692308 0.0673076923076923
0 0.17908653846153846 0.43509615384615385 0.08413461538461539 0.08413461538461539
0 0.04927884615384615 0.37740384615384615 0.06009615384615385 0.055288461538461536
0 0.16826923076923078 0.3629807692307692 0.04326923076923077 0.040865384615384616
0 0.3317307692307692 0.3954326923076923 0.028846153846153848 0.038461538461538464
0 0.4266826923076923 0.390625 0.04567307692307692 0.04807692307692308
0 0.6129807692307693 0.4110576923076923 0.057692307692307696 0.05048076923076923
0 0.9423076923076923 0.02283653846153846 0.0673076923076923 0.04567307692307692
0 0.6995192307692307 0.015625 0.057692307692307696 0.03125
0 0.0625 0.027644230769230768 0.09615384615384616 0.055288461538461536
0 0.8076923076923077 0.013221153846153846 0.09134615384615384 0.026442307692307692
0 0.5216346153846154 0.052884615384615384 0.04807692307692308 0.0673076923076923
0 0.1778846153846154 0.021634615384615384 0.08653846153846154 0.04326923076923077
0 0.04927884615384615 0.05889423076923077 0.06009615384615385 0.055288461538461536
0 0.16826923076923078 0.0733173076923077 0.04326923076923077 0.040865384615384616
0 0.3317307692307692 0.038461538461538464 0.028846153846153848 0.038461538461538464
0 0.4266826923076923 0.04326923076923077 0.04567307692307692 0.04807692307692308