1 0.2824519230769231 0.41225961538461536 0.06009615384615385 0.07451923076923077
1 0.27403846153846156 0.3317307692307692 0.04807692307692308 0.057692307692307696
1 0.38461538461538464 0.3269230769230769 0.052884615384615384 0.0625
1 0.39663461538461536 0.421875 0.057692307692307696 0.06971153846153846
1 0.5180288461538461 0.4170673076923077 0.06009615384615385 0.07932692307692307
1 0.6514423076923077 0.4050480769230769 0.0625 0.08413461538461539
1 0.7620192307692307 0.4110576923076923 0.057692307692307696 0.08653846153846154
1 0.5084134615384616 0.31009615384615385 0.04567307692307692 0.0673076923076923
1 0.6165865384615384 0.32211538461538464 0.05048076923076923 0.0625
1 0.7247596153846154 0.33774038461538464 0.055288461538461536 0.06490384615384616
1 0.8293269230769231 0.3401442307692308 0.052884615384615384 0.06971153846153846
1 0.8954326923076923 0.3870192307692308 0.07451923076923077 0.07692307692307693
1 0.27524038461538464 0.010817307692307692 0.05048076923076923 0.021634615384615384
1 0.3858173076923077 0.014423076923076924 0.055288461538461536 0.028846153846153848
1 0.5072115384615384 0.02403846153846154 0.04807692307692308 0.04807692307692308
1 0.6153846153846154 0.016826923076923076 0.052884615384615384 0.03365384615384615
1 0.7235576923076923 0.009615384615384616 0.057692307692307696 0.019230769230769232
1 0.8305288461538461 0.009615384615384616 0.055288461538461536 0.019230769230769232