1 0.8100961538461539 0.375 0.057692307692307696 0.07692307692307693
1 0.16105769230769232 0.4723557692307692 0.057692307692307696 0.06490384615384616
0 0.48677884615384615 0.46033653846153844 0.04567307692307692 0.055288461538461536
0 0.3293269230769231 0.4735576923076923 0.04326923076923077 0.0625
0 0.5829326923076923 0.4567307692307692 0.03125 0.04326923076923077
0 0.6057692307692307 0.453125 0.028846153846153848 0.04567307692307692
0 0.6610576923076923 0.46033653846153844 0.04326923076923077 0.05048076923076923
0 0.3737980769230769 0.484375 0.040865384615384616 0.04567307692307692
0 0.28966346153846156 0.48677884615384615 0.03125 0.036057692307692304
0 0.42427884615384615 0.49158653846153844 0.03125 0.036057692307692304
0 0.09134615384615384 0.49038461538461536 0.04807692307692308 0.0625
1 0.05048076923076923 0.5012019230769231 0.03365384615384615 0.04567307692307692