1 0.4567307692307692 0.24158653846153846 0.04807692307692308 0.04567307692307692
1 0.7439903846153846 0.8365384615384616 0.040865384615384616 0.04326923076923077
1 0.8088942307692307 0.8413461538461539 0.04567307692307692 0.04326923076923077
1 0.5757211538461539 0.20793269230769232 0.036057692307692304 0.05048076923076923
1 0.7608173076923077 0.8040865384615384 0.040865384615384616 0.026442307692307692
1 0.640625 0.22235576923076922 0.036057692307692304 0.03125
1 0.7980769230769231 0.8088942307692307 0.03365384615384615 0.036057692307692304
1 0.9459134615384616 0.8365384615384616 0.040865384615384616 0.04326923076923077
1 0.8810096153846154 0.8413461538461539 0.04567307692307692 0.04326923076923077
1 0.9290865384615384 0.8040865384615384 0.040865384615384616 0.026442307692307692
1 0.8894230769230769 0.8088942307692307 0.03365384615384615 0.036057692307692304