1 0.140625 0.49158653846153844 0.04567307692307692 0.057692307692307696
1 0.1658653846153846 0.28846153846153844 0.028846153846153848 0.040865384615384616
1 0.4723557692307692 0.1971153846153846 0.03125 0.038461538461538464
1 0.23557692307692307 0.38221153846153844 0.04326923076923077 0.04567307692307692
1 0.3293269230769231 0.30408653846153844 0.03365384615384615 0.04326923076923077
1 0.5120192307692307 0.38221153846153844 0.038461538461538464 0.040865384615384616
1 0.96875 0.6177884615384616 0.04807692307692308 0.055288461538461536
1 0.9314903846153846 0.45552884615384615 0.040865384615384616 0.052884615384615384
1 0.6358173076923077 0.38461538461538464 0.036057692307692304 0.040865384615384616
1 0.6694711538461539 0.3016826923076923 0.036057692307692304 0.04326923076923077
1 0.53125 0.3545673076923077 0.03365384615384615 0.038461538461538464
1 0.1658653846153846 0.042067307692307696 0.028846153846153848 0.040865384615384616
1 0.4723557692307692 0.12980769230769232 0.03125 0.038461538461538464
1 0.3293269230769231 0.02403846153846154 0.03365384615384615 0.04326923076923077
1 0.6694711538461539 0.026442307692307692 0.036057692307692304 0.04326923076923077