1 0.38822115384615385 0.29447115384615385 0.06490384615384616 0.08653846153846154
1 0.28725961538461536 0.29086538461538464 0.07932692307692307 0.10817307692307693
1 0.7920673076923077 0.3161057692307692 0.07451923076923077 0.09615384615384616
1 0.6081730769230769 0.3088942307692308 0.08173076923076923 0.11057692307692307
1 0.5432692307692307 0.296875 0.052884615384615384 0.08653846153846154
1 0.8894230769230769 0.2956730769230769 0.11538461538461539 0.14182692307692307
1 0.06129807692307692 0.3137019230769231 0.11778846153846154 0.1346153846153846
1 0.7427884615384616 0.31971153846153844 0.0625 0.09375
1 0.3870192307692308 0.02283653846153846 0.0673076923076923 0.04567307692307692
1 0.2860576923076923 0.030048076923076924 0.08173076923076923 0.06009615384615385
1 0.7908653846153846 0.014423076923076924 0.07692307692307693 0.028846153846153848
1 0.609375 0.021634615384615384 0.08413461538461539 0.04326923076923077
1 0.5444711538461539 0.021634615384615384 0.055288461538461536 0.04326923076923077
1 0.890625 0.036057692307692304 0.11778846153846154 0.07211538461538461
1 0.7439903846153846 0.01201923076923077 0.06490384615384616 0.02403846153846154