1 0.9290865384615384 0.7680288461538461 0.08413461538461539 0.08413461538461539
1 0.6490384615384616 0.6346153846153846 0.057692307692307696 0.06490384615384616
1 0.9735576923076923 0.7175480769230769 0.04326923076923077 0.08173076923076923
1 0.5420673076923077 0.6057692307692307 0.04567307692307692 0.055288461538461536
1 0.12379807692307693 0.6670673076923077 0.040865384615384616 0.057692307692307696
1 0.21634615384615385 0.6706730769230769 0.04326923076923077 0.04567307692307692
1 0.21634615384615385 0.19831730769230768 0.03365384615384615 0.026442307692307692
1 0.28365384615384615 0.3545673076923077 0.03365384615384615 0.03365384615384615
1 0.41947115384615385 0.6129807692307693 0.040865384615384616 0.040865384615384616
1 0.5961538461538461 0.7067307692307693 0.052884615384615384 0.06971153846153846
1 0.49158653846153844 0.6995192307692307 0.05048076923076923 0.06490384615384616
1 0.43509615384615385 0.7055288461538461 0.04807692307692308 0.0625
1 0.4266826923076923 0.6790865384615384 0.04567307692307692 0.057692307692307696
1 0.3473557692307692 0.6646634615384616 0.036057692307692304 0.04326923076923077
1 0.5036057692307693 0.5324519230769231 0.040865384615384616 0.03365384615384615
1 0.4639423076923077 0.5072115384615384 0.028846153846153848 0.036057692307692304
1 0.3870192307692308 0.5180288461538461 0.038461538461538464 0.04326923076923077
1 0.43509615384615385 0.44350961538461536 0.028846153846153848 0.04326923076923077
1 0.39302884615384615 0.46033653846153844 0.026442307692307692 0.03365384615384615
0 0.7932692307692307 0.7115384615384616 0.057692307692307696 0.04567307692307692
1 0.9290865384615384 0.8978365384615384 0.08413461538461539 0.08413461538461539
1 0.9735576923076923 0.9447115384615384 0.04326923076923077 0.08173076923076923
1 0.015625 0.9711538461538461 0.03125 0.04807692307692308
1 0.12259615384615384 0.9807692307692307 0.04326923076923077 0.028846153846153848
1 0.21754807692307693 0.9819711538461539 0.04567307692307692 0.026442307692307692
1 0.21634615384615385 0.1310096153846154 0.03365384615384615 0.026442307692307692
1 0.5961538461538461 0.9579326923076923 0.052884615384615384 0.06971153846153846
1 0.49158653846153844 0.9651442307692307 0.05048076923076923 0.06490384615384616
1 0.43509615384615385 0.9567307692307693 0.04807692307692308 0.0625
1 0.4254807692307692 0.9747596153846154 0.04807692307692308 0.040865384615384616
1 0.34615384615384615 0.9855769230769231 0.038461538461538464 0.019230769230769232
0 0.7932692307692307 0.953125 0.057692307692307696 0.04567307692307692