0 0.8689903846153846 0.5072115384615384 0.06009615384615385 0.0673076923076923
0 0.2247596153846154 0.4879807692307692 0.055288461538461536 0.0673076923076923
0 0.5889423076923077 0.5144230769230769 0.057692307692307696 0.0673076923076923
0 0.41346153846153844 0.4987980769230769 0.057692307692307696 0.06490384615384616
0 0.039663461538461536 0.4855769230769231 0.04567307692307692 0.057692307692307696
0 0.18028846153846154 0.49038461538461536 0.03365384615384615 0.052884615384615384
0 0.33533653846153844 0.47836538461538464 0.040865384615384616 0.057692307692307696
0 0.37259615384615385 0.47115384615384615 0.04326923076923077 0.057692307692307696
0 0.5084134615384616 0.5120192307692307 0.05048076923076923 0.057692307692307696
0 0.5480769230769231 0.49759615384615385 0.03365384615384615 0.052884615384615384
0 0.6622596153846154 0.4951923076923077 0.04567307692307692 0.052884615384615384
0 0.7379807692307693 0.5060096153846154 0.052884615384615384 0.06490384615384616