1 0.9447115384615384 0.26802884615384615 0.09615384615384616 0.12740384615384615
1 0.7848557692307693 0.265625 0.09375 0.11298076923076923
1 0.16466346153846154 0.29447115384615385 0.11778846153846154 0.15144230769230768
1 0.8966346153846154 0.5276442307692307 0.1778846153846154 0.2091346153846154
1 0.6802884615384616 0.46634615384615385 0.08653846153846154 0.09615384615384616
1 0.05048076923076923 0.3125 0.09134615384615384 0.11538461538461539
1 0.41346153846153844 0.30649038461538464 0.07692307692307693 0.10817307692307693
1 0.8305288461538461 0.46875 0.10817307692307693 0.12980769230769232
1 0.6826923076923077 0.3088942307692308 0.0625 0.07451923076923077
1 0.5012019230769231 0.2932692307692308 0.05048076923076923 0.07211538461538461
1 0.5973557692307693 0.33774038461538464 0.05048076923076923 0.06971153846153846
1 0.5492788461538461 0.3125 0.04567307692307692 0.0625
1 0.9459134615384616 0.04567307692307692 0.0985576923076923 0.09134615384615384
1 0.7836538461538461 0.04326923076923077 0.09615384615384616 0.08653846153846154
1 0.16346153846153846 0.038461538461538464 0.1201923076923077 0.07692307692307693
1 0.051682692307692304 0.020432692307692308 0.09375 0.040865384615384616
1 0.41466346153846156 0.021634615384615384 0.07932692307692307 0.04326923076923077
1 0.6838942307692307 0.01201923076923077 0.06490384615384616 0.02403846153846154
1 0.5 0.019230769230769232 0.052884615384615384 0.038461538461538464
1 0.5480769230769231 0.007211538461538462 0.04807692307692308 0.014423076923076924