1 0.07932692307692307 0.24879807692307693 0.0625 0.06490384615384616
1 0.4014423076923077 0.5108173076923077 0.04326923076923077 0.04567307692307692
1 0.7115384615384616 0.6310096153846154 0.04807692307692308 0.07451923076923077
1 0.5805288461538461 0.5024038461538461 0.036057692307692304 0.03365384615384615
1 0.5408653846153846 0.4807692307692308 0.038461538461538464 0.04326923076923077
1 0.109375 0.3605769230769231 0.05048076923076923 0.057692307692307696
1 0.4387019230769231 0.3545673076923077 0.040865384615384616 0.04567307692307692
1 0.7091346153846154 0.41947115384615385 0.04807692307692308 0.04567307692307692
1 0.6478365384615384 0.30528846153846156 0.036057692307692304 0.04807692307692308
1 0.14302884615384615 0.25240384615384615 0.036057692307692304 0.04326923076923077
1 0.5877403846153846 0.2932692307692308 0.03125 0.03365384615384615
1 0.7163461538461539 0.2692307692307692 0.02403846153846154 0.04326923076923077
1 0.6911057692307693 0.3137019230769231 0.036057692307692304 0.04567307692307692
1 0.17307692307692307 0.2848557692307692 0.03365384615384615 0.040865384615384616
1 0.39903846153846156 0.4254807692307692 0.038461538461538464 0.038461538461538464
1 0.3485576923076923 0.43990384615384615 0.028846153846153848 0.038461538461538464
1 0.4110576923076923 0.328125 0.028846153846153848 0.03125
1 0.3762019230769231 0.4411057692307692 0.03125 0.040865384615384616
1 0.07932692307692307 0.08052884615384616 0.0625 0.06490384615384616
1 0.6478365384615384 0.02283653846153846 0.036057692307692304 0.04567307692307692
1 0.14302884615384615 0.07451923076923077 0.036057692307692304 0.04326923076923077
1 0.5877403846153846 0.03365384615384615 0.03125 0.03365384615384615
1 0.7163461538461539 0.057692307692307696 0.02403846153846154 0.04326923076923077
1 0.6899038461538461 0.019230769230769232 0.038461538461538464 0.038461538461538464
1 0.17307692307692307 0.04447115384615385 0.03365384615384615 0.040865384615384616
1 0.41225961538461536 0.008413461538461538 0.03125 0.016826923076923076