1 0.28365384615384615 0.43509615384615385 0.07692307692307693 0.09375
1 0.4735576923076923 0.4206730769230769 0.08173076923076923 0.0985576923076923
1 0.19951923076923078 0.46875 0.10576923076923077 0.11778846153846154
1 0.41947115384615385 0.3173076923076923 0.06490384615384616 0.09375
1 0.5973557692307693 0.5901442307692307 0.11778846153846154 0.1346153846153846
1 0.8725961538461539 0.5709134615384616 0.125 0.10576923076923077
1 0.7908653846153846 0.42908653846153844 0.08173076923076923 0.0673076923076923
1 0.2920673076923077 0.28365384615384615 0.05048076923076923 0.08413461538461539
1 0.4735576923076923 0.25600961538461536 0.052884615384615384 0.07211538461538461
1 0.7079326923076923 0.25240384615384615 0.06009615384615385 0.09375
1 0.37259615384615385 0.6862980769230769 0.15865384615384615 0.1778846153846154
1 0.6502403846153846 0.4579326923076923 0.09375 0.11057692307692307
1 0.4182692307692308 0.03485576923076923 0.0673076923076923 0.06971153846153846
1 0.2920673076923077 0.056490384615384616 0.05048076923076923 0.08413461538461539
1 0.4735576923076923 0.08173076923076923 0.052884615384615384 0.07211538461538461
1 0.7079326923076923 0.08774038461538461 0.06009615384615385 0.09375
1 0.3737980769230769 0.9375 0.16105769230769232 0.11538461538461539