1 0.20072115384615385 0.390625 0.06971153846153846 0.06490384615384616
1 0.8942307692307693 0.3641826923076923 0.057692307692307696 0.06971153846153846
1 0.640625 0.3701923076923077 0.06971153846153846 0.07692307692307693
1 0.2860576923076923 0.38822115384615385 0.0625 0.06971153846153846
1 0.4362980769230769 0.4014423076923077 0.06971153846153846 0.0625
1 0.39903846153846156 0.5540865384615384 0.04807692307692308 0.07932692307692307
1 0.8389423076923077 0.4182692307692308 0.052884615384615384 0.057692307692307696
1 0.140625 0.4050480769230769 0.055288461538461536 0.06009615384615385
1 0.08774038461538461 0.39903846153846156 0.04567307692307692 0.052884615384615384
1 0.3581730769230769 0.44471153846153844 0.08173076923076923 0.10576923076923077
1 0.5144230769230769 0.4495192307692308 0.04807692307692308 0.052884615384615384
1 0.5072115384615384 0.40625 0.038461538461538464 0.04807692307692308
1 0.19951923076923078 0.014423076923076924 0.07211538461538461 0.028846153846153848
1 0.8954326923076923 0.028846153846153848 0.06009615384615385 0.057692307692307696
1 0.6394230769230769 0.027644230769230768 0.07211538461538461 0.055288461538461536
1 0.28725961538461536 0.016826923076923076 0.06490384615384616 0.03365384615384615
1 0.43509615384615385 0.008413461538461538 0.07211538461538461 0.016826923076923076
1 0.13942307692307693 0.006009615384615385 0.057692307692307696 0.01201923076923077
1 0.08653846153846154 0.007211538461538462 0.04807692307692308 0.014423076923076924