1 0.8846153846153846 0.31850961538461536 0.0625 0.08653846153846154
1 0.2620192307692308 0.33533653846153844 0.0625 0.08653846153846154
1 0.4879807692307692 0.35336538461538464 0.04326923076923077 0.06971153846153846
1 0.5625 0.3629807692307692 0.04807692307692308 0.06009615384615385
1 0.3629807692307692 0.3605769230769231 0.04326923076923077 0.06009615384615385
1 0.19831730769230768 0.36778846153846156 0.026442307692307692 0.055288461538461536
1 0.015625 0.3918269230769231 0.03125 0.04567307692307692
1 0.84375 0.359375 0.019230769230769232 0.028846153846153848
1 0.8858173076923077 0.027644230769230768 0.06490384615384616 0.055288461538461536
1 0.26322115384615385 0.019230769230769232 0.06490384615384616 0.038461538461538464
1 0.4891826923076923 0.006009615384615385 0.04567307692307692 0.01201923076923077