1 0.41225961538461536 0.30528846153846156 0.07932692307692307 0.07211538461538461
1 0.8413461538461539 0.15384615384615385 0.057692307692307696 0.052884615384615384
1 0.5324519230769231 0.17548076923076922 0.04567307692307692 0.04807692307692308
1 0.41466346153846156 0.15384615384615385 0.05048076923076923 0.052884615384615384
1 0.328125 0.15625 0.036057692307692304 0.038461538461538464
1 0.23677884615384615 0.15985576923076922 0.036057692307692304 0.04567307692307692
1 0.12379807692307693 0.15264423076923078 0.04567307692307692 0.036057692307692304
1 0.7524038461538461 0.18870192307692307 0.04326923076923077 0.040865384615384616
1 0.8413461538461539 0.09134615384615384 0.057692307692307696 0.052884615384615384
1 0.5324519230769231 0.06971153846153846 0.04567307692307692 0.04807692307692308
1 0.41466346153846156 0.09134615384615384 0.05048076923076923 0.052884615384615384
1 0.328125 0.0889423076923077 0.036057692307692304 0.038461538461538464
1 0.23677884615384615 0.08774038461538461 0.036057692307692304 0.04567307692307692
1 0.12379807692307693 0.09495192307692307 0.04567307692307692 0.036057692307692304
1 0.7524038461538461 0.05889423076923077 0.04326923076923077 0.040865384615384616