1 0.5228365384615384 0.4387019230769231 0.06971153846153846 0.0889423076923077
1 0.8665865384615384 0.46033653846153844 0.09375 0.11778846153846154
1 0.7067307692307693 0.4567307692307692 0.08173076923076923 0.10576923076923077
1 0.46274038461538464 0.4338942307692308 0.055288461538461536 0.08413461538461539
1 0.9350961538461539 0.41586538461538464 0.0625 0.08173076923076923
1 0.4026442307692308 0.4230769230769231 0.055288461538461536 0.09134615384615384
1 0.36658653846153844 0.4266826923076923 0.05048076923076923 0.09375
1 0.29927884615384615 0.4483173076923077 0.04567307692307692 0.06971153846153846
1 0.7043269230769231 0.4579326923076923 0.08653846153846154 0.09375
1 0.7211538461538461 0.40024038461538464 0.057692307692307696 0.06971153846153846
1 0.7704326923076923 0.4206730769230769 0.05048076923076923 0.0673076923076923
1 0.90625 0.46274038461538464 0.057692307692307696 0.10336538461538461