1 0.7908653846153846 0.4891826923076923 0.0673076923076923 0.06971153846153846
1 0.37259615384615385 0.5324519230769231 0.04807692307692308 0.055288461538461536
1 0.056490384615384616 0.4951923076923077 0.040865384615384616 0.03365384615384615
1 0.07692307692307693 0.4699519230769231 0.03365384615384615 0.03125
1 0.12379807692307693 0.4879807692307692 0.04567307692307692 0.03365384615384615
1 0.27524038461538464 0.5036057692307693 0.05048076923076923 0.04567307692307692
1 0.5336538461538461 0.5036057692307693 0.057692307692307696 0.055288461538461536
1 0.6454326923076923 0.46274038461538464 0.05048076923076923 0.04567307692307692
1 0.8689903846153846 0.453125 0.06971153846153846 0.06009615384615385
1 0.26322115384615385 0.4254807692307692 0.036057692307692304 0.04326923076923077
1 0.5 0.46033653846153844 0.04326923076923077 0.04567307692307692
1 0.6838942307692307 0.5204326923076923 0.07451923076923077 0.07451923076923077
1 0.15144230769230768 0.45552884615384615 0.04326923076923077 0.036057692307692304