1 0.39302884615384615 0.5300480769230769 0.021634615384615384 0.028846153846153848
1 0.53125 0.5637019230769231 0.019230769230769232 0.02403846153846154
1 0.6105769230769231 0.7139423076923077 0.02403846153846154 0.021634615384615384
1 0.7223557692307693 0.5396634615384616 0.021634615384615384 0.02403846153846154
1 0.8978365384615384 0.6935096153846154 0.021634615384615384 0.028846153846153848
1 0.8221153846153846 0.7475961538461539 0.028846153846153848 0.026442307692307692
1 0.7103365384615384 0.4879807692307692 0.016826923076923076 0.021634615384615384
0 0.8461538461538461 0.5372596153846154 0.019230769230769232 0.02403846153846154
1 0.6105769230769231 0.9507211538461539 0.02403846153846154 0.021634615384615384
1 0.8978365384615384 0.96875 0.021634615384615384 0.028846153846153848
1 0.8221153846153846 0.9170673076923077 0.028846153846153848 0.026442307692307692