1 0.4411057692307692 0.4495192307692308 0.06009615384615385 0.07932692307692307
1 0.9278846153846154 0.5336538461538461 0.0673076923076923 0.06490384615384616
1 0.140625 0.45072115384615385 0.04567307692307692 0.04807692307692308
1 0.5528846153846154 0.45552884615384615 0.057692307692307696 0.052884615384615384
1 0.7524038461538461 0.4675480769230769 0.028846153846153848 0.03365384615384615
1 0.7271634615384616 0.4254807692307692 0.021634615384615384 0.021634615384615384
1 0.3161057692307692 0.42908653846153844 0.05048076923076923 0.04807692307692308
1 0.2620192307692308 0.4735576923076923 0.04326923076923077 0.055288461538461536
1 0.4074519230769231 0.4543269230769231 0.026442307692307692 0.040865384615384616
1 0.6069711538461539 0.4411057692307692 0.03125 0.03365384615384615
1 0.38341346153846156 0.41947115384615385 0.021634615384615384 0.028846153846153848
1 0.5060096153846154 0.42427884615384615 0.021634615384615384 0.019230769230769232
0 0.07692307692307693 0.4543269230769231 0.04807692307692308 0.06490384615384616
0 0.6201923076923077 0.46274038461538464 0.04326923076923077 0.052884615384615384
0 0.49278846153846156 0.4483173076923077 0.028846153846153848 0.03365384615384615
0 0.7932692307692307 0.4266826923076923 0.014423076923076924 0.019230769230769232
1 0.6622596153846154 0.4098557692307692 0.016826923076923076 0.02403846153846154
1 0.6310096153846154 0.3786057692307692 0.021634615384615384 0.02403846153846154