1 0.8918269230769231 0.42788461538461536 0.057692307692307696 0.07211538461538461
1 0.4014423076923077 0.5564903846153846 0.057692307692307696 0.06971153846153846
1 0.2704326923076923 0.609375 0.06009615384615385 0.06971153846153846
1 0.6971153846153846 0.5805288461538461 0.04807692307692308 0.06490384615384616
1 0.039663461538461536 0.4266826923076923 0.036057692307692304 0.04567307692307692
1 0.2644230769230769 0.4254807692307692 0.03365384615384615 0.03365384615384615
1 0.31490384615384615 0.4050480769230769 0.03365384615384615 0.040865384615384616
1 0.6286057692307693 0.5612980769230769 0.055288461538461536 0.06490384615384616
1 0.8125 0.5588942307692307 0.052884615384615384 0.055288461538461536
1 0.9411057692307693 0.4254807692307692 0.055288461538461536 0.057692307692307696
1 0.6009615384615384 0.4855769230769231 0.028846153846153848 0.03365384615384615
1 0.4831730769230769 0.4206730769230769 0.028846153846153848 0.03365384615384615
1 0.7235576923076923 0.484375 0.028846153846153848 0.036057692307692304