1 0.12379807692307693 0.2764423076923077 0.08413461538461539 0.0889423076923077
1 0.22235576923076922 0.2548076923076923 0.0889423076923077 0.10336538461538461
1 0.7740384615384616 0.3004807692307692 0.11057692307692307 0.12259615384615384
1 0.35096153846153844 0.3004807692307692 0.10576923076923077 0.11778846153846154
1 0.5276442307692307 0.3004807692307692 0.10817307692307693 0.11778846153846154
1 0.7103365384615384 0.24639423076923078 0.055288461538461536 0.06971153846153846
1 0.9086538461538461 0.19831730769230768 0.028846153846153848 0.040865384615384616
0 0.5540865384615384 0.21514423076923078 0.036057692307692304 0.05048076923076923
0 0.6730769230769231 0.1971153846153846 0.03365384615384615 0.03365384615384615
1 0.12379807692307693 0.06370192307692307 0.08413461538461539 0.0889423076923077
1 0.22235576923076922 0.08533653846153846 0.0889423076923077 0.10336538461538461
1 0.7752403846153846 0.05048076923076923 0.11298076923076923 0.10096153846153846
1 0.35216346153846156 0.04927884615384615 0.10817307692307693 0.0985576923076923
1 0.5264423076923077 0.04927884615384615 0.11057692307692307 0.0985576923076923
1 0.7103365384615384 0.09254807692307693 0.055288461538461536 0.06971153846153846
1 0.9086538461538461 0.140625 0.028846153846153848 0.040865384615384616
0 0.5540865384615384 0.12379807692307693 0.036057692307692304 0.05048076923076923
0 0.6730769230769231 0.13942307692307693 0.03365384615384615 0.03365384615384615