1 0.24639423076923078 0.25600961538461536 0.06971153846153846 0.08653846153846154
1 0.8557692307692307 0.2920673076923077 0.08653846153846154 0.09134615384615384
1 0.59375 0.2860576923076923 0.08173076923076923 0.0889423076923077
1 0.4519230769230769 0.36778846153846156 0.09615384615384616 0.0985576923076923
1 0.34134615384615385 0.2980769230769231 0.09615384615384616 0.11778846153846154
1 0.17067307692307693 0.2644230769230769 0.07211538461538461 0.06490384615384616
1 0.35336538461538464 0.42788461538461536 0.057692307692307696 0.06971153846153846
1 0.24639423076923078 0.07692307692307693 0.06971153846153846 0.08653846153846154
1 0.8569711538461539 0.04447115384615385 0.0889423076923077 0.0889423076923077
1 0.59375 0.04927884615384615 0.08173076923076923 0.0889423076923077
1 0.453125 0.008413461538461538 0.0985576923076923 0.016826923076923076
1 0.3425480769230769 0.04807692307692308 0.0985576923076923 0.09615384615384616
1 0.17067307692307693 0.07091346153846154 0.07211538461538461 0.06490384615384616