1 0.1201923076923077 0.2860576923076923 0.125 0.16826923076923078
0 0.21033653846153846 0.3329326923076923 0.09375 0.10817307692307693
0 0.34375 0.3173076923076923 0.07692307692307693 0.10096153846153846
0 0.49038461538461536 0.35096153846153844 0.057692307692307696 0.08173076923076923
0 0.5216346153846154 0.36658653846153844 0.03365384615384615 0.055288461538461536
0 0.6009615384615384 0.34134615384615385 0.052884615384615384 0.08173076923076923
0 0.6358173076923077 0.3605769230769231 0.040865384615384616 0.052884615384615384
0 0.7283653846153846 0.33774038461538464 0.052884615384615384 0.07451923076923077
0 0.7536057692307693 0.3485576923076923 0.036057692307692304 0.057692307692307696
0 0.7764423076923077 0.375 0.03365384615384615 0.04807692307692308
0 0.8425480769230769 0.37259615384615385 0.03125 0.03365384615384615
0 0.8846153846153846 0.3918269230769231 0.03365384615384615 0.028846153846153848
1 0.12139423076923077 0.02283653846153846 0.12740384615384615 0.04567307692307692