1 0.5168269230769231 0.3473557692307692 0.07692307692307693 0.10576923076923077
1 0.08413461538461539 0.32572115384615385 0.12980769230769232 0.16346153846153846
1 0.4110576923076923 0.3545673076923077 0.09134615384615384 0.11057692307692307
1 0.20072115384615385 0.3401442307692308 0.07932692307692307 0.11538461538461539
1 0.33774038461538464 0.3545673076923077 0.06009615384615385 0.08173076923076923
1 0.2608173076923077 0.35336538461538464 0.04567307692307692 0.07932692307692307
1 0.5709134615384616 0.36177884615384615 0.040865384615384616 0.057692307692307696
1 0.6646634615384616 0.33774038461538464 0.05048076923076923 0.0625
1 0.6201923076923077 0.359375 0.03365384615384615 0.057692307692307696
1 0.3004807692307692 0.36538461538461536 0.03365384615384615 0.06971153846153846
1 0.5180288461538461 0.018028846153846152 0.07932692307692307 0.036057692307692304
1 0.08533653846153846 0.04326923076923077 0.13221153846153846 0.08653846153846154
1 0.41225961538461536 0.015625 0.09375 0.03125
1 0.19951923076923078 0.02403846153846154 0.08173076923076923 0.04807692307692308
1 0.33653846153846156 0.008413461538461538 0.0625 0.016826923076923076
1 0.25961538461538464 0.008413461538461538 0.04807692307692308 0.016826923076923076
1 0.6634615384615384 0.01201923076923077 0.052884615384615384 0.02403846153846154