1 0.14783653846153846 0.34134615384615385 0.0889423076923077 0.09615384615384616
1 0.22596153846153846 0.31009615384615385 0.0625 0.08173076923076923
1 0.49038461538461536 0.35216346153846156 0.04326923076923077 0.05048076923076923
0 0.28365384615384615 0.34134615384615385 0.057692307692307696 0.057692307692307696
0 0.4026442307692308 0.3629807692307692 0.05048076923076923 0.0673076923076923
0 0.5084134615384616 0.41947115384615385 0.06490384615384616 0.06971153846153846
0 0.5649038461538461 0.3701923076923077 0.04807692307692308 0.04807692307692308
0 0.6286057692307693 0.3762019230769231 0.03125 0.04567307692307692
0 0.7295673076923077 0.4891826923076923 0.040865384615384616 0.05048076923076923
0 0.7175480769230769 0.3737980769230769 0.04567307692307692 0.05048076923076923
1 0.1466346153846154 0.039663461538461536 0.09134615384615384 0.07932692307692307
1 0.22596153846153846 0.06009615384615385 0.0625 0.08173076923076923
1 0.49158653846153844 0.02283653846153846 0.04567307692307692 0.04567307692307692
0 0.4014423076923077 0.021634615384615384 0.052884615384615384 0.04326923076923077
0 0.5661057692307693 0.013221153846153846 0.05048076923076923 0.026442307692307692
0 0.6274038461538461 0.009615384615384616 0.03365384615384615 0.019230769230769232
0 0.7163461538461539 0.01201923076923077 0.04807692307692308 0.02403846153846154