1 0.7884615384615384 0.2848557692307692 0.057692307692307696 0.057692307692307696
1 0.11658653846153846 0.4807692307692308 0.040865384615384616 0.055288461538461536
1 0.4543269230769231 0.5456730769230769 0.04807692307692308 0.05048076923076923
1 0.46875 0.5192307692307693 0.04807692307692308 0.04567307692307692
1 0.8413461538461539 0.31850961538461536 0.028846153846153848 0.038461538461538464
1 0.7367788461538461 0.42908653846153844 0.04567307692307692 0.038461538461538464
1 0.5504807692307693 0.3389423076923077 0.014423076923076924 0.016826923076923076
1 0.4879807692307692 0.3425480769230769 0.019230769230769232 0.019230769230769232
1 0.5108173076923077 0.33533653846153844 0.016826923076923076 0.019230769230769232
1 0.5288461538461539 0.34134615384615385 0.014423076923076924 0.016826923076923076
1 0.7884615384615384 0.04326923076923077 0.057692307692307696 0.057692307692307696
1 0.8425480769230769 0.015625 0.03125 0.03125
1 0.5096153846153846 0.002403846153846154 0.019230769230769232 0.004807692307692308