1 0.7307692307692307 0.3269230769230769 0.08653846153846154 0.09615384615384616
1 0.8161057692307693 0.3762019230769231 0.09375 0.10817307692307693
1 0.3918269230769231 0.38341346153846156 0.0673076923076923 0.07932692307692307
1 0.19230769230769232 0.43149038461538464 0.07211538461538461 0.06971153846153846
1 0.030048076923076924 0.29927884615384615 0.055288461538461536 0.06971153846153846
1 0.21634615384615385 0.3233173076923077 0.052884615384615384 0.09375
1 0.4014423076923077 0.24519230769230768 0.04807692307692308 0.0625
1 0.1875 0.19591346153846154 0.04807692307692308 0.05048076923076923
1 0.33653846153846156 0.20793269230769232 0.04807692307692308 0.055288461538461536
1 0.6478365384615384 0.49399038461538464 0.08413461538461539 0.07451923076923077
1 0.7319711538461539 0.025240384615384616 0.0889423076923077 0.05048076923076923
1 0.21754807692307693 0.026442307692307692 0.055288461538461536 0.052884615384615384
1 0.4014423076923077 0.08173076923076923 0.04807692307692308 0.0625
1 0.1875 0.13341346153846154 0.04807692307692308 0.05048076923076923
1 0.33653846153846156 0.12139423076923077 0.04807692307692308 0.055288461538461536