0 0.40625 0.3557692307692308 0.07692307692307693 0.08653846153846154
0 0.5913461538461539 0.3713942307692308 0.07211538461538461 0.0985576923076923
0 0.9074519230769231 0.38100961538461536 0.08413461538461539 0.08413461538461539
0 0.7980769230769231 0.34615384615384615 0.09615384615384616 0.10096153846153846
0 0.23798076923076922 0.32572115384615385 0.10096153846153846 0.10336538461538461
0 0.71875 0.43990384615384615 0.0625 0.07692307692307693
0 0.5516826923076923 0.4098557692307692 0.04567307692307692 0.07932692307692307
0 0.037259615384615384 0.4495192307692308 0.055288461538461536 0.0625
0 0.4987980769230769 0.4338942307692308 0.04567307692307692 0.055288461538461536
0 0.16826923076923078 0.39903846153846156 0.057692307692307696 0.07211538461538461
0 0.125 0.4375 0.04326923076923077 0.057692307692307696
0 0.28846153846153844 0.4483173076923077 0.04807692307692308 0.07451923076923077
0 0.4074519230769231 0.008413461538461538 0.07932692307692307 0.016826923076923076
0 0.7992788461538461 0.016826923076923076 0.0985576923076923 0.03365384615384615
0 0.23918269230769232 0.027644230769230768 0.10336538461538461 0.055288461538461536