1 0.6802884615384616 0.27283653846153844 0.08653846153846154 0.12740384615384615
1 0.3786057692307692 0.35216346153846156 0.11778846153846154 0.12740384615384615
1 0.7584134615384616 0.2512019230769231 0.13221153846153846 0.18028846153846154
1 0.3641826923076923 0.1502403846153846 0.06971153846153846 0.0889423076923077
1 0.2764423076923077 0.18629807692307693 0.03365384615384615 0.036057692307692304
1 0.4423076923076923 0.22235576923076922 0.04807692307692308 0.05048076923076923
1 0.6105769230769231 0.16466346153846154 0.057692307692307696 0.06490384615384616
1 0.5492788461538461 0.19110576923076922 0.036057692307692304 0.04567307692307692
1 0.41947115384615385 0.15264423076923078 0.05048076923076923 0.04567307692307692
1 0.9627403846153846 0.27163461538461536 0.06490384615384616 0.12980769230769232
1 0.8978365384615384 0.2512019230769231 0.13221153846153846 0.18028846153846154
1 0.05048076923076923 0.18629807692307693 0.03365384615384615 0.036057692307692304