1 0.8449519230769231 0.3581730769230769 0.16105769230769232 0.18269230769230768
1 0.33052884615384615 0.41346153846153844 0.06490384615384616 0.07692307692307693
1 0.48197115384615385 0.38100961538461536 0.0889423076923077 0.10817307692307693
1 0.6442307692307693 0.4182692307692308 0.12980769230769232 0.14423076923076922
1 0.46875 0.4423076923076923 0.0673076923076923 0.07692307692307693
1 0.28846153846153844 0.4519230769230769 0.057692307692307696 0.057692307692307696
1 0.25841346153846156 0.4423076923076923 0.04567307692307692 0.057692307692307696
1 0.22115384615384615 0.44711538461538464 0.057692307692307696 0.0625
1 0.17307692307692307 0.4387019230769231 0.038461538461538464 0.040865384615384616
1 0.1346153846153846 0.453125 0.04326923076923077 0.04567307692307692
1 0.7824519230769231 0.4050480769230769 0.06971153846153846 0.06971153846153846
1 0.84375 0.04326923076923077 0.16346153846153846 0.08653846153846154
1 0.4807692307692308 0.013221153846153846 0.09134615384615384 0.026442307692307692