0 0.22596153846153846 0.37740384615384615 0.057692307692307696 0.07692307692307693
0 0.6983173076923077 0.35697115384615385 0.06490384615384616 0.07932692307692307
0 0.4182692307692308 0.33653846153846156 0.052884615384615384 0.07692307692307693
0 0.11177884615384616 0.37740384615384615 0.040865384615384616 0.04807692307692308
0 0.5961538461538461 0.36899038461538464 0.03365384615384615 0.040865384615384616
0 0.65625 0.37740384615384615 0.04326923076923077 0.057692307692307696
0 0.7524038461538461 0.3737980769230769 0.038461538461538464 0.04567307692307692
0 0.8774038461538461 0.35096153846153844 0.04326923076923077 0.057692307692307696
0 0.8209134615384616 0.36658653846153844 0.036057692307692304 0.040865384615384616
0 0.9387019230769231 0.36538461538461536 0.03125 0.038461538461538464
0 0.5108173076923077 0.35216346153846156 0.040865384615384616 0.055288461538461536