0 0.5709134615384616 0.39302884615384615 0.06971153846153846 0.09134615384615384
0 0.7860576923076923 0.4110576923076923 0.07692307692307693 0.09375
0 0.328125 0.45072115384615385 0.07932692307692307 0.08653846153846154
0 0.08774038461538461 0.4543269230769231 0.06971153846153846 0.08413461538461539
0 0.9074519230769231 0.4495192307692308 0.10336538461538461 0.11778846153846154
0 0.5096153846153846 0.4230769230769231 0.04807692307692308 0.06971153846153846
0 0.6454326923076923 0.4266826923076923 0.05048076923076923 0.0625
0 0.31009615384615385 0.4170673076923077 0.057692307692307696 0.0625
0 0.025240384615384616 0.4543269230769231 0.040865384615384616 0.055288461538461536
0 0.23197115384615385 0.4579326923076923 0.026442307692307692 0.03365384615384615
0 0.5697115384615384 0.018028846153846152 0.07211538461538461 0.036057692307692304
0 0.7872596153846154 0.009615384615384616 0.07932692307692307 0.019230769230769232