1 0.3870192307692308 0.39302884615384615 0.07211538461538461 0.09375
1 0.9459134615384616 0.41586538461538464 0.06009615384615385 0.08173076923076923
1 0.13942307692307693 0.40865384615384615 0.0625 0.08653846153846154
1 0.47115384615384615 0.40865384615384615 0.057692307692307696 0.07211538461538461
1 0.19230769230769232 0.4170673076923077 0.052884615384615384 0.06971153846153846
1 0.8858173076923077 0.4326923076923077 0.055288461538461536 0.0625
1 0.7355769230769231 0.4266826923076923 0.052884615384615384 0.06490384615384616
1 0.6298076923076923 0.421875 0.04807692307692308 0.06009615384615385
1 0.8064903846153846 0.4266826923076923 0.04567307692307692 0.055288461538461536
1 0.3425480769230769 0.43509615384615385 0.05048076923076923 0.0625
1 0.2956730769230769 0.4182692307692308 0.038461538461538464 0.0625
1 0.10576923076923077 0.4423076923076923 0.04326923076923077 0.057692307692307696
1 0.578125 0.4254807692307692 0.036057692307692304 0.057692307692307696
1 0.5060096153846154 0.4206730769230769 0.036057692307692304 0.0673076923076923