1 0.49399038461538464 0.6033653846153846 0.02403846153846154 0.028846153846153848
1 0.5120192307692307 0.5228365384615384 0.026442307692307692 0.03125
1 0.23798076923076922 0.1622596153846154 0.028846153846153848 0.021634615384615384
1 0.7608173076923077 0.2704326923076923 0.021634615384615384 0.026442307692307692
1 0.7475961538461539 0.5348557692307693 0.021634615384615384 0.026442307692307692
1 0.7788461538461539 0.5396634615384616 0.019230769230769232 0.026442307692307692
1 0.5432692307692307 0.02403846153846154 0.026442307692307692 0.02403846153846154
1 0.0889423076923077 0.1622596153846154 0.028846153846153848 0.021634615384615384
1 0.9050480769230769 0.2704326923076923 0.021634615384615384 0.026442307692307692
1 0.9170673076923077 0.5348557692307693 0.021634615384615384 0.026442307692307692
1 0.8846153846153846 0.5396634615384616 0.019230769230769232 0.026442307692307692