1 0.2776442307692308 0.36658653846153844 0.06490384615384616 0.08173076923076923
1 0.828125 0.31850961538461536 0.055288461538461536 0.09615384615384616
1 0.6730769230769231 0.3125 0.10096153846153846 0.11778846153846154
0 0.4651442307692308 0.30528846153846156 0.07451923076923077 0.10336538461538461
1 0.7944711538461539 0.32091346153846156 0.036057692307692304 0.08173076923076923
1 0.5576923076923077 0.3629807692307692 0.038461538461538464 0.05048076923076923
1 0.2776442307692308 0.09134615384615384 0.06490384615384616 0.08173076923076923
1 0.828125 0.13942307692307693 0.055288461538461536 0.09615384615384616
1 0.6730769230769231 0.14783653846153846 0.10096153846153846 0.11778846153846154
0 0.4651442307692308 0.15504807692307693 0.07451923076923077 0.10336538461538461
1 0.7944711538461539 0.13701923076923078 0.036057692307692304 0.08173076923076923
1 0.5576923076923077 0.09735576923076923 0.038461538461538464 0.05048076923076923