1 0.484375 0.4543269230769231 0.06971153846153846 0.0985576923076923
1 0.12860576923076922 0.47716346153846156 0.07451923076923077 0.10576923076923077
1 0.41586538461538464 0.4651442307692308 0.0673076923076923 0.08653846153846154
1 0.30528846153846156 0.47596153846153844 0.0673076923076923 0.07932692307692307
1 0.22596153846153846 0.484375 0.07692307692307693 0.09615384615384616
1 0.8533653846153846 0.49038461538461536 0.052884615384615384 0.07932692307692307
1 0.6033653846153846 0.4579326923076923 0.0625 0.08173076923076923
1 0.7043269230769231 0.45913461538461536 0.057692307692307696 0.07932692307692307
1 0.18870192307692307 0.4723557692307692 0.07451923076923077 0.10576923076923077
1 0.9735576923076923 0.4639423076923077 0.03365384615384615 0.05048076923076923
1 0.5576923076923077 0.46875 0.04326923076923077 0.06971153846153846
1 0.7824519230769231 0.46634615384615385 0.021634615384615384 0.036057692307692304
1 0.8846153846153846 0.47716346153846156 0.038461538461538464 0.0673076923076923