1 0.16105769230769232 0.33413461538461536 0.07211538461538461 0.09134615384615384
1 0.27283653846153844 0.2824519230769231 0.1466346153846154 0.18028846153846154
1 0.3629807692307692 0.29086538461538464 0.07692307692307693 0.125
0 0.7415865384615384 0.25600961538461536 0.15144230769230768 0.17548076923076922
0 0.8954326923076923 0.29447115384615385 0.11298076923076923 0.10817307692307693
0 0.6045673076923077 0.2956730769230769 0.10336538461538461 0.12980769230769232
1 0.1622596153846154 0.020432692307692308 0.07451923076923077 0.040865384615384616
1 0.27163461538461536 0.06850961538461539 0.14903846153846154 0.13701923076923078
1 0.3641826923076923 0.05048076923076923 0.07932692307692307 0.10096153846153846
0 0.7403846153846154 0.08052884615384616 0.15384615384615385 0.16105769230769232
0 0.8942307692307693 0.04447115384615385 0.11538461538461539 0.0889423076923077
0 0.6033653846153846 0.04927884615384615 0.10576923076923077 0.0985576923076923