1 0.6778846153846154 0.36177884615384615 0.08173076923076923 0.0985576923076923
1 0.7548076923076923 0.4170673076923077 0.08173076923076923 0.10817307692307693
1 0.5829326923076923 0.44350961538461536 0.06971153846153846 0.0889423076923077
1 0.12259615384615384 0.43149038461538464 0.057692307692307696 0.06971153846153846
1 0.3942307692307692 0.4026442307692308 0.057692307692307696 0.07451923076923077
1 0.2692307692307692 0.421875 0.057692307692307696 0.06490384615384616
1 0.5276442307692307 0.4014423076923077 0.05048076923076923 0.0673076923076923
1 0.33413461538461536 0.4266826923076923 0.04807692307692308 0.06009615384615385
1 0.4807692307692308 0.4110576923076923 0.038461538461538464 0.04807692307692308
1 0.057692307692307696 0.44711538461538464 0.03365384615384615 0.04326923076923077
1 0.7560096153846154 0.02403846153846154 0.08413461538461539 0.04807692307692308
1 0.12379807692307693 0.007211538461538462 0.06009615384615385 0.014423076923076924
1 0.3954326923076923 0.02283653846153846 0.06009615384615385 0.04567307692307692
1 0.2704326923076923 0.010817307692307692 0.06009615384615385 0.021634615384615384
1 0.5264423076923077 0.021634615384615384 0.052884615384615384 0.04326923076923077
1 0.33533653846153844 0.007211538461538462 0.05048076923076923 0.014423076923076924
1 0.48197115384615385 0.01201923076923077 0.040865384615384616 0.02403846153846154