0 0.2800480769230769 0.49399038461538464 0.055288461538461536 0.06490384615384616
0 0.8425480769230769 0.4807692307692308 0.05048076923076923 0.07211538461538461
0 0.6862980769230769 0.46153846153846156 0.04567307692307692 0.057692307692307696
0 0.13221153846153846 0.4723557692307692 0.052884615384615384 0.06971153846153846
0 0.08052884615384616 0.4699519230769231 0.026442307692307692 0.03125
0 0.19831730769230768 0.4795673076923077 0.03125 0.036057692307692304
0 0.3485576923076923 0.4639423076923077 0.038461538461538464 0.038461538461538464
0 0.46634615384615385 0.4723557692307692 0.04807692307692308 0.055288461538461536
0 0.6165865384615384 0.46634615384615385 0.04567307692307692 0.04807692307692308
0 0.7872596153846154 0.4795673076923077 0.040865384615384616 0.04567307692307692
0 0.5745192307692307 0.4807692307692308 0.028846153846153848 0.03365384615384615