1 0.6129807692307693 0.4483173076923077 0.06009615384615385 0.06971153846153846
1 0.8209134615384616 0.5024038461538461 0.06490384615384616 0.10576923076923077
1 0.3088942307692308 0.5721153846153846 0.03365384615384615 0.052884615384615384
1 0.39783653846153844 0.609375 0.052884615384615384 0.06490384615384616
1 0.43990384615384615 0.59375 0.055288461538461536 0.057692307692307696
1 0.46274038461538464 0.5228365384615384 0.03365384615384615 0.040865384615384616
1 0.6814903846153846 0.453125 0.04807692307692308 0.055288461538461536
0 0.765625 0.5252403846153846 0.10336538461538461 0.14182692307692307
0 0.7355769230769231 0.4362980769230769 0.026442307692307692 0.03125
1 0.921875 0.5024038461538461 0.06490384615384616 0.10576923076923077
0 0.9591346153846154 0.5240384615384616 0.07211538461538461 0.14423076923076922