1 0.039663461538461536 0.40625 0.04567307692307692 0.07451923076923077
1 0.17908653846153846 0.46634615384615385 0.06009615384615385 0.07451923076923077
1 0.8569711538461539 0.4579326923076923 0.06009615384615385 0.052884615384615384
1 0.17668269230769232 0.20673076923076922 0.040865384615384616 0.052884615384615384
1 0.2127403846153846 0.3629807692307692 0.04567307692307692 0.06009615384615385
1 0.8305288461538461 0.3161057692307692 0.04567307692307692 0.052884615384615384
1 0.9615384615384616 0.3004807692307692 0.0625 0.055288461538461536
1 0.22596153846153846 0.20192307692307693 0.038461538461538464 0.04807692307692308
1 0.3894230769230769 0.24278846153846154 0.04807692307692308 0.052884615384615384
0 0.6454326923076923 0.3786057692307692 0.04567307692307692 0.052884615384615384
0 0.8353365384615384 0.6081730769230769 0.06009615384615385 0.04567307692307692
0 0.7043269230769231 0.24519230769230768 0.04807692307692308 0.04807692307692308
1 0.17668269230769232 0.1201923076923077 0.040865384615384616 0.052884615384615384
1 0.8293269230769231 0.020432692307692308 0.04807692307692308 0.040865384615384616
1 0.9615384615384616 0.030048076923076924 0.0625 0.055288461538461536
1 0.22596153846153846 0.125 0.038461538461538464 0.04807692307692308
1 0.3894230769230769 0.08413461538461539 0.04807692307692308 0.052884615384615384
0 0.7043269230769231 0.08173076923076923 0.04807692307692308 0.04807692307692308