0 0.7884615384615384 0.296875 0.07211538461538461 0.08653846153846154
0 0.3088942307692308 0.2920673076923077 0.06971153846153846 0.08653846153846154
0 0.6189903846153846 0.2980769230769231 0.06971153846153846 0.07932692307692307
0 0.125 0.3112980769230769 0.08173076923076923 0.09615384615384616
0 0.4879807692307692 0.29086538461538464 0.057692307692307696 0.06971153846153846
0 0.9122596153846154 0.29447115384615385 0.11778846153846154 0.125
0 0.8677884615384616 0.27524038461538464 0.07211538461538461 0.10096153846153846
0 0.4170673076923077 0.3233173076923077 0.05048076923076923 0.0625
0 0.7884615384615384 0.042067307692307696 0.07211538461538461 0.08413461538461539
0 0.3088942307692308 0.04567307692307692 0.06971153846153846 0.08653846153846154
0 0.6189903846153846 0.042067307692307696 0.06971153846153846 0.07932692307692307
0 0.12620192307692307 0.038461538461538464 0.08413461538461539 0.07692307692307693
0 0.4879807692307692 0.04927884615384615 0.057692307692307696 0.06971153846153846
0 0.9110576923076923 0.054086538461538464 0.1201923076923077 0.10817307692307693
0 0.8677884615384616 0.0625 0.07211538461538461 0.10096153846153846
0 0.41586538461538464 0.02403846153846154 0.052884615384615384 0.04807692307692308