1 0.45072115384615385 0.3245192307692308 0.06490384615384616 0.07932692307692307
1 0.5216346153846154 0.29086538461538464 0.09615384615384616 0.13221153846153846
1 0.8461538461538461 0.2704326923076923 0.1201923076923077 0.15384615384615385
1 0.6790865384615384 0.3137019230769231 0.14182692307692307 0.1778846153846154
1 0.6045673076923077 0.3269230769230769 0.055288461538461536 0.08413461538461539
0 0.28725961538461536 0.3245192307692308 0.07451923076923077 0.0889423076923077
1 0.7956730769230769 0.3269230769230769 0.0673076923076923 0.0985576923076923
1 0.4495192307692308 0.02283653846153846 0.0673076923076923 0.04567307692307692
1 0.5228365384615384 0.052884615384615384 0.0985576923076923 0.10576923076923077
1 0.8473557692307693 0.06850961538461539 0.12259615384615384 0.13701923076923078
1 0.6778846153846154 0.052884615384615384 0.14423076923076922 0.10576923076923077
1 0.6033653846153846 0.02283653846153846 0.057692307692307696 0.04567307692307692
0 0.2860576923076923 0.025240384615384616 0.07692307692307693 0.05048076923076923
1 0.796875 0.026442307692307692 0.06971153846153846 0.052884615384615384