1 0.14302884615384615 0.6538461538461539 0.06490384615384616 0.0625
1 0.39783653846153844 0.75 0.06009615384615385 0.057692307692307696
1 0.2980769230769231 0.6165865384615384 0.0625 0.07451923076923077
1 0.04567307692307692 0.4699519230769231 0.057692307692307696 0.055288461538461536
1 0.38461538461538464 0.4735576923076923 0.04326923076923077 0.052884615384615384
1 0.3918269230769231 0.6262019230769231 0.0673076923076923 0.06971153846153846
0 0.11778846153846154 0.53125 0.057692307692307696 0.0625
0 0.22355769230769232 0.7427884615384616 0.0625 0.0625
0 0.49759615384615385 0.6021634615384616 0.057692307692307696 0.040865384615384616
1 0.14302884615384615 0.9471153846153846 0.06490384615384616 0.0625
1 0.39783653846153844 0.8509615384615384 0.06009615384615385 0.057692307692307696
1 0.29927884615384615 0.9711538461538461 0.06490384615384616 0.04807692307692308
1 0.39302884615384615 0.9675480769230769 0.06971153846153846 0.055288461538461536
0 0.22355769230769232 0.8581730769230769 0.0625 0.0625
0 0.4987980769230769 0.9867788461538461 0.06009615384615385 0.016826923076923076