1 0.7379807692307693 0.2536057692307692 0.08173076923076923 0.08413461538461539
1 0.8665865384615384 0.32091346153846156 0.07451923076923077 0.08413461538461539
1 0.3125 0.2644230769230769 0.0673076923076923 0.07211538461538461
1 0.3233173076923077 0.3557692307692308 0.0985576923076923 0.10576923076923077
1 0.5552884615384616 0.36658653846153844 0.07692307692307693 0.09375
1 0.06971153846153846 0.27403846153846156 0.052884615384615384 0.0625
1 0.4723557692307692 0.2644230769230769 0.05048076923076923 0.052884615384615384
1 0.5372596153846154 0.2536057692307692 0.04567307692307692 0.06009615384615385
1 0.8245192307692307 0.24879807692307693 0.052884615384615384 0.06490384615384616
1 0.7379807692307693 0.07572115384615384 0.08173076923076923 0.08413461538461539
1 0.8653846153846154 0.025240384615384616 0.07692307692307693 0.05048076923076923
1 0.3125 0.0625 0.0673076923076923 0.07211538461538461
1 0.32211538461538464 0.013221153846153846 0.10096153846153846 0.026442307692307692
1 0.06971153846153846 0.052884615384615384 0.052884615384615384 0.0625
1 0.4723557692307692 0.0625 0.05048076923076923 0.052884615384615384
1 0.5372596153846154 0.07572115384615384 0.04567307692307692 0.06009615384615385
1 0.8245192307692307 0.08052884615384616 0.052884615384615384 0.06490384615384616