1 0.36899038461538464 0.33774038461538464 0.03125 0.036057692307692304
1 0.42788461538461536 0.22115384615384615 0.03365384615384615 0.038461538461538464
1 0.6322115384615384 0.7043269230769231 0.038461538461538464 0.052884615384615384
1 0.7247596153846154 0.8016826923076923 0.04567307692307692 0.05048076923076923
1 0.7632211538461539 0.6550480769230769 0.04567307692307692 0.04567307692307692
0 0.3137019230769231 0.24759615384615385 0.03125 0.04326923076923077
0 0.5444711538461539 0.7211538461538461 0.040865384615384616 0.04326923076923077
0 0.7247596153846154 0.7439903846153846 0.040865384615384616 0.04567307692307692
0 0.47836538461538464 0.22596153846153846 0.02403846153846154 0.03365384615384615
0 0.59375 0.20432692307692307 0.03365384615384615 0.03365384615384615
1 0.42788461538461536 0.02403846153846154 0.03365384615384615 0.038461538461538464
1 0.7247596153846154 0.9459134615384616 0.04567307692307692 0.05048076923076923
0 0.3125 0.010817307692307692 0.03365384615384615 0.021634615384615384
0 0.7235576923076923 0.9867788461538461 0.04326923076923077 0.016826923076923076
0 0.47836538461538464 0.019230769230769232 0.02403846153846154 0.03365384615384615
0 0.59375 0.040865384615384616 0.03365384615384615 0.03365384615384615