1 0.054086538461538464 0.27283653846153844 0.09375 0.12740384615384615
1 0.140625 0.31490384615384615 0.0889423076923077 0.09134615384615384
1 0.3173076923076923 0.3233173076923077 0.0625 0.06490384615384616
1 0.3112980769230769 0.28725961538461536 0.05048076923076923 0.04567307692307692
1 0.39903846153846156 0.28365384615384615 0.052884615384615384 0.0625
1 0.5805288461538461 0.31971153846153844 0.04567307692307692 0.057692307692307696
1 0.7295673076923077 0.265625 0.06490384615384616 0.08413461538461539
1 0.7007211538461539 0.2764423076923077 0.036057692307692304 0.07211538461538461
1 0.8894230769230769 0.28846153846153844 0.08173076923076923 0.09134615384615384
1 0.030048076923076924 0.03485576923076923 0.06009615384615385 0.06971153846153846
1 0.052884615384615384 0.0625 0.09615384615384616 0.125
1 0.13942307692307693 0.03245192307692308 0.09134615384615384 0.06490384615384616
1 0.31850961538461536 0.021634615384615384 0.06490384615384616 0.04326923076923077
1 0.3112980769230769 0.046875 0.05048076923076923 0.04567307692307692
1 0.39903846153846156 0.04807692307692308 0.052884615384615384 0.0625
1 0.5793269230769231 0.021634615384615384 0.04807692307692308 0.04326923076923077
1 0.7295673076923077 0.06850961538461539 0.06490384615384616 0.08413461538461539
1 0.7007211538461539 0.055288461538461536 0.036057692307692304 0.07211538461538461
1 0.8894230769230769 0.04447115384615385 0.08173076923076923 0.0889423076923077