0 0.8329326923076923 0.36658653846153844 0.06009615384615385 0.06490384615384616
0 0.22355769230769232 0.3762019230769231 0.04807692307692308 0.06971153846153846
0 0.6189903846153846 0.36538461538461536 0.055288461538461536 0.0625
0 0.38221153846153844 0.36177884615384615 0.04807692307692308 0.06009615384615385
0 0.5492788461538461 0.38221153846153844 0.05048076923076923 0.057692307692307696
0 0.4723557692307692 0.36899038461538464 0.05048076923076923 0.06490384615384616
0 0.1346153846153846 0.3762019230769231 0.052884615384615384 0.06490384615384616
0 0.3076923076923077 0.3581730769230769 0.052884615384615384 0.0625
0 0.7391826923076923 0.38221153846153844 0.05048076923076923 0.057692307692307696
0 0.6875 0.36778846153846156 0.052884615384615384 0.0673076923076923
0 0.8317307692307693 0.019230769230769232 0.0625 0.038461538461538464
0 0.2247596153846154 0.015625 0.05048076923076923 0.03125
0 0.6177884615384616 0.019230769230769232 0.057692307692307696 0.038461538461538464
0 0.38341346153846156 0.020432692307692308 0.05048076923076923 0.040865384615384616
0 0.5480769230769231 0.009615384615384616 0.052884615384615384 0.019230769230769232
0 0.47115384615384615 0.018028846153846152 0.052884615384615384 0.036057692307692304
0 0.13581730769230768 0.014423076923076924 0.055288461538461536 0.028846153846153848
0 0.3088942307692308 0.02283653846153846 0.055288461538461536 0.04567307692307692
0 0.7379807692307693 0.009615384615384616 0.052884615384615384 0.019230769230769232
0 0.6887019230769231 0.019230769230769232 0.055288461538461536 0.038461538461538464