0 0.7608173076923077 0.3942307692307692 0.07932692307692307 0.09134615384615384
0 0.13942307692307693 0.390625 0.08173076923076923 0.09375
0 0.3293269230769231 0.3762019230769231 0.09615384615384616 0.10817307692307693
0 0.25600961538461536 0.38822115384615385 0.05048076923076923 0.0889423076923077
0 0.8978365384615384 0.38341346153846156 0.11778846153846154 0.11778846153846154
0 0.5024038461538461 0.3870192307692308 0.10576923076923077 0.11057692307692307
0 0.84375 0.38221153846153844 0.08173076923076923 0.09134615384615384
0 0.3713942307692308 0.3762019230769231 0.06490384615384616 0.11298076923076923
0 0.7596153846153846 0.04326923076923077 0.08173076923076923 0.08653846153846154
0 0.140625 0.04567307692307692 0.08413461538461539 0.09134615384615384
0 0.3293269230769231 0.05889423076923077 0.09615384615384616 0.10817307692307693
0 0.25600961538461536 0.046875 0.05048076923076923 0.0889423076923077
0 0.8966346153846154 0.055288461538461536 0.1201923076923077 0.11057692307692307
0 0.5036057692307693 0.051682692307692304 0.10817307692307693 0.10336538461538461
0 0.84375 0.05048076923076923 0.08173076923076923 0.09134615384615384
0 0.3713942307692308 0.05889423076923077 0.06490384615384616 0.11298076923076923