1 0.7908653846153846 0.5480769230769231 0.052884615384615384 0.06009615384615385
1 0.5180288461538461 0.6694711538461539 0.04567307692307692 0.057692307692307696
1 0.59375 0.6911057692307693 0.052884615384615384 0.052884615384615384
1 0.7271634615384616 0.6538461538461539 0.04567307692307692 0.055288461538461536
1 0.9014423076923077 0.5432692307692307 0.04807692307692308 0.05048076923076923
1 0.03365384615384615 0.6694711538461539 0.038461538461538464 0.04807692307692308
1 0.40024038461538464 0.6862980769230769 0.03125 0.028846153846153848
1 0.5168269230769231 0.9795673076923077 0.04807692307692308 0.03125
1 0.5949519230769231 0.9699519230769231 0.055288461538461536 0.05048076923076923
1 0.7259615384615384 0.9879807692307693 0.04807692307692308 0.014423076923076924
1 0.03485576923076923 0.9819711538461539 0.040865384615384616 0.026442307692307692
1 0.40024038461538464 0.9759615384615384 0.03125 0.028846153846153848