1 0.5108173076923077 0.3016826923076923 0.17548076923076922 0.19951923076923078
1 0.609375 0.19471153846153846 0.13221153846153846 0.13942307692307693
0 0.16105769230769232 0.2283653846153846 0.13942307692307693 0.1778846153846154
0 0.296875 0.2536057692307692 0.13221153846153846 0.14182692307692307
0 0.7487980769230769 0.19951923076923078 0.23317307692307693 0.14903846153846154
0 0.9326923076923077 0.21995192307692307 0.1201923076923077 0.15144230769230768
1 0.5096153846153846 0.02283653846153846 0.1778846153846154 0.04567307692307692
1 0.6081730769230769 0.06129807692307692 0.1346153846153846 0.12259615384615384
0 0.1622596153846154 0.054086538461538464 0.14182692307692307 0.10817307692307693
0 0.2956730769230769 0.03245192307692308 0.1346153846153846 0.06490384615384616
0 0.7475961538461539 0.06129807692307692 0.23557692307692307 0.12259615384615384
0 0.9338942307692307 0.051682692307692304 0.12259615384615384 0.10336538461538461