0 0.16947115384615385 0.390625 0.06490384615384616 0.08173076923076923
0 0.24158653846153846 0.37259615384615385 0.06009615384615385 0.06490384615384616
0 0.3918269230769231 0.3401442307692308 0.0625 0.08173076923076923
0 0.4326923076923077 0.36658653846153844 0.04326923076923077 0.0673076923076923
0 0.49759615384615385 0.36658653846153844 0.057692307692307696 0.0673076923076923
0 0.5829326923076923 0.38221153846153844 0.04567307692307692 0.055288461538461536
0 0.6838942307692307 0.3713942307692308 0.040865384615384616 0.052884615384615384
0 0.7487980769230769 0.33533653846153844 0.06971153846153846 0.08173076923076923
0 0.9050480769230769 0.3954326923076923 0.04567307692307692 0.057692307692307696
0 0.025240384615384616 0.02403846153846154 0.05048076923076923 0.04807692307692308
0 0.39302884615384615 0.015625 0.06490384615384616 0.03125
0 0.7475961538461539 0.018028846153846152 0.07211538461538461 0.036057692307692304