0 0.5444711538461539 0.41586538461538464 0.06490384615384616 0.08413461538461539
0 0.6754807692307693 0.39903846153846156 0.0625 0.07451923076923077
0 0.24158653846153846 0.4098557692307692 0.06971153846153846 0.08173076923076923
0 0.4387019230769231 0.39663461538461536 0.07932692307692307 0.11298076923076923
0 0.8713942307692307 0.3737980769230769 0.09375 0.10576923076923077
0 0.9591346153846154 0.3641826923076923 0.0673076923076923 0.07211538461538461
0 0.10096153846153846 0.32211538461538464 0.1778846153846154 0.20432692307692307
0 0.3786057692307692 0.41586538461538464 0.055288461538461536 0.07451923076923077
0 0.7139423076923077 0.38341346153846156 0.03365384615384615 0.0625
0 0.5432692307692307 0.009615384615384616 0.0673076923076923 0.019230769230769232
0 0.6766826923076923 0.015625 0.06490384615384616 0.03125
0 0.2403846153846154 0.01201923076923077 0.07211538461538461 0.02403846153846154
0 0.4375 0.026442307692307692 0.08173076923076923 0.052884615384615384
0 0.8701923076923077 0.036057692307692304 0.09615384615384616 0.07211538461538461
0 0.9603365384615384 0.03245192307692308 0.06971153846153846 0.06490384615384616
0 0.10216346153846154 0.08653846153846154 0.18028846153846154 0.17307692307692307
0 0.37740384615384615 0.007211538461538462 0.057692307692307696 0.014423076923076924
0 0.7151442307692307 0.020432692307692308 0.036057692307692304 0.040865384615384616