1 0.03245192307692308 0.4230769230769231 0.06009615384615385 0.07692307692307693
0 0.9543269230769231 0.47836538461538464 0.08173076923076923 0.11538461538461539
0 0.22355769230769232 0.4387019230769231 0.057692307692307696 0.06971153846153846
0 0.5516826923076923 0.41947115384615385 0.04567307692307692 0.06971153846153846
0 0.4723557692307692 0.41586538461538464 0.055288461538461536 0.052884615384615384
0 0.3233173076923077 0.41225961538461536 0.04567307692307692 0.06971153846153846
0 0.1502403846153846 0.4014423076923077 0.04567307692307692 0.052884615384615384
1 0.2644230769230769 0.3870192307692308 0.038461538461538464 0.04807692307692308
0 0.25721153846153844 0.4110576923076923 0.03365384615384615 0.04326923076923077
0 0.3942307692307692 0.40384615384615385 0.03365384615384615 0.052884615384615384
0 0.44711538461538464 0.39903846153846156 0.03365384615384615 0.057692307692307696
0 0.6237980769230769 0.4026442307692308 0.04567307692307692 0.055288461538461536
0 0.5132211538461539 0.3894230769230769 0.03125 0.038461538461538464