1 0.5637019230769231 0.6153846153846154 0.05048076923076923 0.05048076923076923
1 0.953125 0.6382211538461539 0.055288461538461536 0.052884615384615384
1 0.12980769230769232 0.5877403846153846 0.04326923076923077 0.04807692307692308
1 0.35336538461538464 0.4855769230769231 0.038461538461538464 0.036057692307692304
1 0.23918269230769232 0.4675480769230769 0.03125 0.03365384615384615
1 0.0673076923076923 0.4891826923076923 0.028846153846153848 0.03365384615384615
1 0.36899038461538464 0.5420673076923077 0.026442307692307692 0.02403846153846154
1 0.5192307692307693 0.42908653846153844 0.02403846153846154 0.028846153846153848
1 0.4879807692307692 0.41947115384615385 0.028846153846153848 0.028846153846153848
1 0.7560096153846154 0.41466346153846156 0.040865384615384616 0.03365384615384615
1 0.0985576923076923 0.41586538461538464 0.028846153846153848 0.021634615384615384
1 0.13221153846153846 0.4014423076923077 0.028846153846153848 0.026442307692307692
1 0.1875 0.38461538461538464 0.019230769230769232 0.021634615384615384
0 0.15144230769230768 0.6105769230769231 0.03365384615384615 0.036057692307692304
1 0.25841346153846156 0.43149038461538464 0.021634615384615384 0.02403846153846154