1 0.3293269230769231 0.2956730769230769 0.04807692307692308 0.05048076923076923
1 0.671875 0.2704326923076923 0.05048076923076923 0.0625
1 0.13701923076923078 0.3112980769230769 0.038461538461538464 0.057692307692307696
1 0.20673076923076922 0.33413461538461536 0.03365384615384615 0.04567307692307692
1 0.22596153846153846 0.3125 0.028846153846153848 0.040865384615384616
1 0.8293269230769231 0.3762019230769231 0.0625 0.08653846153846154
1 0.6971153846153846 0.2800480769230769 0.03365384615384615 0.057692307692307696
1 0.5985576923076923 0.29447115384615385 0.04326923076923077 0.057692307692307696
1 0.4375 0.3076923076923077 0.04326923076923077 0.06009615384615385
1 0.4831730769230769 0.3233173076923077 0.04807692307692308 0.057692307692307696
1 0.5348557692307693 0.31850961538461536 0.021634615384615384 0.03365384615384615
1 0.07932692307692307 0.30649038461538464 0.04326923076923077 0.052884615384615384
1 0.3293269230769231 0.03485576923076923 0.04807692307692308 0.05048076923076923
1 0.671875 0.057692307692307696 0.05048076923076923 0.0625
1 0.13822115384615385 0.02403846153846154 0.040865384615384616 0.04807692307692308
1 0.20793269230769232 0.009615384615384616 0.036057692307692304 0.019230769230769232
1 0.22716346153846154 0.019230769230769232 0.03125 0.038461538461538464
1 0.6971153846153846 0.04807692307692308 0.03365384615384615 0.057692307692307696
1 0.5985576923076923 0.03365384615384615 0.04326923076923077 0.057692307692307696
1 0.4387019230769231 0.026442307692307692 0.04567307692307692 0.052884615384615384
1 0.484375 0.018028846153846152 0.05048076923076923 0.036057692307692304
1 0.5336538461538461 0.014423076923076924 0.02403846153846154 0.028846153846153848
1 0.08052884615384616 0.025240384615384616 0.04567307692307692 0.05048076923076923