1 0.4723557692307692 0.33413461538461536 0.06971153846153846 0.09375
1 0.6514423076923077 0.34134615384615385 0.08173076923076923 0.0889423076923077
1 0.140625 0.32091346153846156 0.07932692307692307 0.10096153846153846
1 0.8677884615384616 0.30528846153846156 0.1201923076923077 0.12740384615384615
1 0.5757211538461539 0.3485576923076923 0.06009615384615385 0.06971153846153846
1 0.2283653846153846 0.32572115384615385 0.08173076923076923 0.12980769230769232
1 0.28365384615384615 0.3245192307692308 0.057692307692307696 0.08413461538461539
1 0.47115384615384615 0.021634615384615384 0.07211538461538461 0.04326923076923077
1 0.6526442307692307 0.016826923076923076 0.08413461538461539 0.03365384615384615
1 0.13942307692307693 0.030048076923076924 0.08173076923076923 0.06009615384615385
1 0.8689903846153846 0.04447115384615385 0.12259615384615384 0.0889423076923077
1 0.5745192307692307 0.008413461538461538 0.0625 0.016826923076923076
1 0.22956730769230768 0.03485576923076923 0.08413461538461539 0.06971153846153846
1 0.2848557692307692 0.02403846153846154 0.06009615384615385 0.04807692307692308