0 0.08413461538461539 0.4495192307692308 0.04326923076923077 0.04807692307692308
0 0.14783653846153846 0.43028846153846156 0.055288461538461536 0.057692307692307696
0 0.2644230769230769 0.4362980769230769 0.04326923076923077 0.05048076923076923
0 0.6286057692307693 0.4423076923076923 0.06009615384615385 0.07211538461538461
0 0.875 0.4699519230769231 0.11538461538461539 0.10817307692307693
0 0.8197115384615384 0.4543269230769231 0.03365384615384615 0.04326923076923077
0 0.7632211538461539 0.44350961538461536 0.04567307692307692 0.06009615384615385
0 0.6983173076923077 0.45552884615384615 0.036057692307692304 0.040865384615384616
0 0.5901442307692307 0.44471153846153844 0.036057692307692304 0.0625
0 0.5444711538461539 0.4639423076923077 0.05048076923076923 0.0625
0 0.5144230769230769 0.4651442307692308 0.03365384615384615 0.040865384615384616
0 0.46153846153846156 0.45072115384615385 0.057692307692307696 0.06009615384615385
0 0.35336538461538464 0.44350961538461536 0.052884615384615384 0.05048076923076923