1 0.15504807692307693 0.23677884615384615 0.11778846153846154 0.12740384615384615
1 0.38461538461538464 0.46153846153846156 0.09134615384615384 0.10576923076923077
1 0.7295673076923077 0.2980769230769231 0.036057692307692304 0.038461538461538464
1 0.4074519230769231 0.27884615384615385 0.021634615384615384 0.028846153846153848
1 0.7127403846153846 0.26802884615384615 0.026442307692307692 0.026442307692307692
1 0.41346153846153844 0.23197115384615385 0.019230769230769232 0.021634615384615384
1 0.36658653846153844 0.2608173076923077 0.021634615384615384 0.021634615384615384
1 0.5733173076923077 0.24158653846153846 0.016826923076923076 0.016826923076923076
1 0.5528846153846154 0.2608173076923077 0.014423076923076924 0.021634615384615384
1 0.15504807692307693 0.09735576923076923 0.11778846153846154 0.12740384615384615
1 0.7295673076923077 0.03365384615384615 0.036057692307692304 0.038461538461538464
1 0.4074519230769231 0.052884615384615384 0.021634615384615384 0.028846153846153848
1 0.7127403846153846 0.06610576923076923 0.026442307692307692 0.026442307692307692
1 0.41346153846153844 0.10216346153846154 0.019230769230769232 0.021634615384615384
1 0.36658653846153844 0.0733173076923077 0.021634615384615384 0.021634615384615384
1 0.5733173076923077 0.09254807692307693 0.016826923076923076 0.016826923076923076
1 0.5528846153846154 0.0733173076923077 0.014423076923076924 0.021634615384615384