1 0.15745192307692307 0.5973557692307693 0.040865384615384616 0.040865384615384616
1 0.2536057692307692 0.6153846153846154 0.055288461538461536 0.0625
1 0.34375 0.6177884615384616 0.03365384615384615 0.03365384615384615
1 0.38341346153846156 0.6069711538461539 0.036057692307692304 0.04567307692307692
1 0.5216346153846154 0.6189903846153846 0.038461538461538464 0.04567307692307692
1 0.6009615384615384 0.6225961538461539 0.04326923076923077 0.057692307692307696
1 0.7067307692307693 0.6382211538461539 0.03365384615384615 0.040865384615384616
1 0.6442307692307693 0.6298076923076923 0.03365384615384615 0.038461538461538464
1 0.21875 0.6153846153846154 0.03365384615384615 0.04326923076923077
1 0.5709134615384616 0.625 0.036057692307692304 0.038461538461538464
0 0.44591346153846156 0.6274038461538461 0.055288461538461536 0.057692307692307696
1 0.4423076923076923 0.59375 0.038461538461538464 0.03365384615384615