1 0.9375 0.42908653846153844 0.11538461538461539 0.1201923076923077
1 0.8137019230769231 0.44471153846153844 0.08413461538461539 0.08413461538461539
1 0.4495192307692308 0.45552884615384615 0.0673076923076923 0.08173076923076923
1 0.6286057692307693 0.42788461538461536 0.06009615384615385 0.06971153846153846
1 0.3112980769230769 0.46153846153846156 0.04567307692307692 0.06490384615384616
1 0.36899038461538464 0.46274038461538464 0.040865384615384616 0.057692307692307696
1 0.5036057692307693 0.46274038461538464 0.040865384615384616 0.057692307692307696
1 0.5949519230769231 0.4567307692307692 0.03125 0.04567307692307692
1 0.24519230769230768 0.46875 0.04326923076923077 0.05048076923076923
1 0.171875 0.453125 0.036057692307692304 0.04807692307692308
1 0.6574519230769231 0.45913461538461536 0.036057692307692304 0.040865384615384616