1 0.6322115384615384 0.4579326923076923 0.04326923076923077 0.038461538461538464
1 0.6959134615384616 0.4411057692307692 0.040865384615384616 0.038461538461538464
1 0.25240384615384615 0.21033653846153846 0.028846153846153848 0.026442307692307692
1 0.04326923076923077 0.1875 0.03365384615384615 0.03365384615384615
1 0.10216346153846154 0.18629807692307693 0.026442307692307692 0.03125
1 0.5769230769230769 0.421875 0.03365384615384615 0.03365384615384615
1 0.5841346153846154 0.3858173076923077 0.03365384615384615 0.03365384615384615
1 0.5913461538461539 0.3076923076923077 0.019230769230769232 0.03125
1 0.6418269230769231 0.37259615384615385 0.03365384615384615 0.03125
1 0.25240384615384615 0.11899038461538461 0.028846153846153848 0.026442307692307692
1 0.04326923076923077 0.13942307692307693 0.03365384615384615 0.03365384615384615
1 0.10216346153846154 0.14302884615384615 0.026442307692307692 0.03125
1 0.5913461538461539 0.02283653846153846 0.019230769230769232 0.03125