1 0.13341346153846154 0.36538461538461536 0.12740384615384615 0.15625
1 0.2704326923076923 0.3581730769230769 0.11778846153846154 0.14182692307692307
1 0.42908653846153844 0.3858173076923077 0.10817307692307693 0.1346153846153846
1 0.4651442307692308 0.32211538461538464 0.07451923076923077 0.10817307692307693
1 0.7824519230769231 0.3329326923076923 0.10336538461538461 0.14903846153846154
1 0.7211538461538461 0.37740384615384615 0.08173076923076923 0.0985576923076923
0 0.5540865384615384 0.3545673076923077 0.11778846153846154 0.15384615384615385
0 0.9519230769230769 0.3401442307692308 0.0673076923076923 0.10576923076923077
1 0.8713942307692307 0.34134615384615385 0.055288461538461536 0.09375
1 0.13221153846153846 0.019230769230769232 0.12980769230769232 0.038461538461538464
1 0.2692307692307692 0.019230769230769232 0.1201923076923077 0.038461538461538464
1 0.4639423076923077 0.028846153846153848 0.07692307692307693 0.057692307692307696
1 0.78125 0.03365384615384615 0.10576923076923077 0.0673076923076923
0 0.5528846153846154 0.02403846153846154 0.1201923076923077 0.04807692307692308
0 0.953125 0.019230769230769232 0.06971153846153846 0.038461538461538464
1 0.8701923076923077 0.015625 0.057692307692307696 0.03125