0 0.46153846153846156 0.31009615384615385 0.0673076923076923 0.08413461538461539
0 0.3004807692307692 0.30649038461538464 0.07211538461538461 0.09134615384615384
0 0.6923076923076923 0.30288461538461536 0.07211538461538461 0.08413461538461539
0 0.171875 0.2980769230769231 0.07932692307692307 0.09375
0 0.09975961538461539 0.3317307692307692 0.06490384615384616 0.07451923076923077
0 0.8629807692307693 0.3125 0.057692307692307696 0.08413461538461539
0 0.8401442307692307 0.30528846153846156 0.05048076923076923 0.07932692307692307
0 0.3737980769230769 0.34375 0.04567307692307692 0.07451923076923077
0 0.21995192307692307 0.3485576923076923 0.036057692307692304 0.040865384615384616
0 0.42788461538461536 0.33774038461538464 0.03365384615384615 0.057692307692307696
0 0.5865384615384616 0.30408653846153844 0.052884615384615384 0.07211538461538461
0 0.6322115384615384 0.3088942307692308 0.04326923076923077 0.057692307692307696
0 0.7932692307692307 0.3233173076923077 0.03365384615384615 0.04807692307692308
0 0.052884615384615384 0.34134615384615385 0.03365384615384615 0.06971153846153846
0 0.46274038461538464 0.03125 0.06971153846153846 0.0625
0 0.3016826923076923 0.03485576923076923 0.07451923076923077 0.06971153846153846
0 0.6935096153846154 0.03485576923076923 0.07451923076923077 0.06971153846153846
0 0.17067307692307693 0.039663461538461536 0.08173076923076923 0.07932692307692307
0 0.0985576923076923 0.018028846153846152 0.0673076923076923 0.036057692307692304
0 0.8641826923076923 0.030048076923076924 0.06009615384615385 0.06009615384615385
0 0.8389423076923077 0.03245192307692308 0.052884615384615384 0.06490384615384616
0 0.37259615384615385 0.01201923076923077 0.04807692307692308 0.02403846153846154
0 0.42908653846153844 0.010817307692307692 0.036057692307692304 0.021634615384615384
0 0.5877403846153846 0.03125 0.055288461538461536 0.0625
0 0.6334134615384616 0.025240384615384616 0.04567307692307692 0.05048076923076923
0 0.7944711538461539 0.015625 0.036057692307692304 0.03125
0 0.054086538461538464 0.01201923076923077 0.036057692307692304 0.02403846153846154