1 0.8353365384615384 0.2536057692307692 0.11778846153846154 0.13942307692307693
1 0.6959134615384616 0.2956730769230769 0.09375 0.10336538461538461
0 0.5084134615384616 0.29927884615384615 0.07451923076923077 0.08173076923076923
0 0.13701923076923078 0.2776442307692308 0.12980769230769232 0.13942307692307693
0 0.3545673076923077 0.25721153846153844 0.07932692307692307 0.10336538461538461
0 0.9266826923076923 0.27524038461538464 0.07932692307692307 0.07211538461538461
0 0.20552884615384615 0.29447115384615385 0.05048076923076923 0.09615384615384616
1 0.8353365384615384 0.07451923076923077 0.11778846153846154 0.13942307692307693
1 0.6947115384615384 0.04326923076923077 0.09615384615384616 0.08653846153846154
0 0.5072115384615384 0.036057692307692304 0.07692307692307693 0.07211538461538461
0 0.13822115384615385 0.06129807692307692 0.13221153846153846 0.12259615384615384
0 0.3545673076923077 0.0733173076923077 0.07932692307692307 0.10336538461538461
0 0.9266826923076923 0.052884615384615384 0.07932692307692307 0.07211538461538461
0 0.20432692307692307 0.042067307692307696 0.052884615384615384 0.08413461538461539