1 0.8846153846153846 0.36177884615384615 0.07211538461538461 0.09134615384615384
1 0.3954326923076923 0.22716346153846154 0.13701923076923078 0.12740384615384615
1 0.6538461538461539 0.296875 0.10576923076923077 0.14423076923076922
1 0.09014423076923077 0.33774038461538464 0.11778846153846154 0.11538461538461539
1 0.7692307692307693 0.33533653846153844 0.09134615384615384 0.11538461538461539
1 0.9483173076923077 0.4206730769230769 0.06009615384615385 0.06971153846153846
1 0.3401442307692308 0.32211538461538464 0.06490384615384616 0.10336538461538461
1 0.3954326923076923 0.09735576923076923 0.13701923076923078 0.12740384615384615
1 0.6550480769230769 0.05048076923076923 0.10817307692307693 0.10096153846153846
1 0.0889423076923077 0.02283653846153846 0.1201923076923077 0.04567307692307692
1 0.7704326923076923 0.02403846153846154 0.09375 0.04807692307692308
1 0.3389423076923077 0.027644230769230768 0.0673076923076923 0.055288461538461536