1 0.3076923076923077 0.5420673076923077 0.07211538461538461 0.07211538461538461
1 0.8990384615384616 0.45072115384615385 0.0625 0.07692307692307693
1 0.21514423076923078 0.38221153846153844 0.05048076923076923 0.040865384615384616
1 0.7331730769230769 0.35216346153846156 0.04326923076923077 0.04807692307692308
1 0.6766826923076923 0.31490384615384615 0.03125 0.040865384615384616
1 0.08173076923076923 0.2980769230769231 0.028846153846153848 0.036057692307692304
1 0.6514423076923077 0.33653846153846156 0.028846153846153848 0.036057692307692304
1 0.5709134615384616 0.30408653846153844 0.026442307692307692 0.03365384615384615
1 0.5264423076923077 0.3004807692307692 0.03365384615384615 0.040865384615384616
1 0.734375 0.003605769230769231 0.04567307692307692 0.007211538461538462
1 0.08173076923076923 0.037259615384615384 0.028846153846153848 0.036057692307692304
1 0.6526442307692307 0.008413461538461538 0.03125 0.016826923076923076
1 0.5709134615384616 0.028846153846153848 0.026442307692307692 0.03365384615384615
1 0.5264423076923077 0.03485576923076923 0.03365384615384615 0.040865384615384616