1 0.1875 0.5661057692307693 0.052884615384615384 0.057692307692307696
1 0.49158653846153844 0.5336538461538461 0.026442307692307692 0.03125
1 0.3798076923076923 0.5396634615384616 0.03365384615384615 0.03365384615384615
1 0.5564903846153846 0.5576923076923077 0.026442307692307692 0.03125
1 0.43990384615384615 0.5625 0.03365384615384615 0.021634615384615384
1 0.6430288461538461 0.5324519230769231 0.03125 0.04326923076923077
1 0.6105769230769231 0.5444711538461539 0.03365384615384615 0.04326923076923077
1 0.7644230769230769 0.5360576923076923 0.03365384615384615 0.04567307692307692
1 0.8774038461538461 0.5324519230769231 0.03365384615384615 0.04326923076923077
1 0.9206730769230769 0.5264423076923077 0.038461538461538464 0.04567307692307692
1 0.7319711538461539 0.5336538461538461 0.036057692307692304 0.04567307692307692
1 0.7103365384615384 0.5384615384615384 0.026442307692307692 0.036057692307692304
1 0.8173076923076923 0.5288461538461539 0.02403846153846154 0.040865384615384616
1 0.8365384615384616 0.5396634615384616 0.019230769230769232 0.03365384615384615
1 0.984375 0.5360576923076923 0.021634615384615384 0.03125
1 0.7884615384615384 0.5240384615384616 0.028846153846153848 0.036057692307692304
1 0.6935096153846154 0.5360576923076923 0.016826923076923076 0.03125
1 0.5204326923076923 0.5408653846153846 0.026442307692307692 0.026442307692307692