0 0.8401442307692307 0.4855769230769231 0.06009615384615385 0.06971153846153846
0 0.578125 0.44350961538461536 0.05048076923076923 0.07692307692307693
0 0.5144230769230769 0.4483173076923077 0.04807692307692308 0.0625
0 0.13822115384615385 0.48197115384615385 0.05048076923076923 0.0625
0 0.6862980769230769 0.44350961538461536 0.05048076923076923 0.0673076923076923
0 0.7872596153846154 0.4483173076923077 0.05048076923076923 0.0673076923076923
0 0.71875 0.5180288461538461 0.052884615384615384 0.07692307692307693
0 0.38341346153846156 0.5144230769230769 0.05048076923076923 0.06971153846153846
0 0.23317307692307693 0.484375 0.04807692307692308 0.0625
0 0.7379807692307693 0.4495192307692308 0.04326923076923077 0.06009615384615385
0 0.2824519230769231 0.5072115384615384 0.05048076923076923 0.055288461538461536
0 0.8377403846153846 0.4362980769230769 0.05048076923076923 0.0625
0 0.17548076923076922 0.49759615384615385 0.04807692307692308 0.06490384615384616
0 0.30649038461538464 0.47836538461538464 0.036057692307692304 0.05048076923076923
0 0.35216346153846156 0.4795673076923077 0.036057692307692304 0.052884615384615384
0 0.33653846153846156 0.4387019230769231 0.038461538461538464 0.052884615384615384
0 0.4266826923076923 0.4519230769230769 0.04567307692307692 0.06490384615384616
0 0.4675480769230769 0.45913461538461536 0.036057692307692304 0.05048076923076923
0 0.44711538461538464 0.5120192307692307 0.04807692307692308 0.06490384615384616
0 0.5216346153846154 0.5216346153846154 0.052884615384615384 0.06971153846153846
0 0.6310096153846154 0.44350961538461536 0.04567307692307692 0.052884615384615384
0 0.6274038461538461 0.4987980769230769 0.04807692307692308 0.07211538461538461