1 0.12379807692307693 0.3401442307692308 0.07932692307692307 0.10096153846153846
1 0.20072115384615385 0.3798076923076923 0.06971153846153846 0.0985576923076923
1 0.39903846153846156 0.3173076923076923 0.03365384615384615 0.036057692307692304
1 0.33052884615384615 0.3137019230769231 0.036057692307692304 0.04326923076923077
1 0.27884615384615385 0.3137019230769231 0.03365384615384615 0.04326923076923077
1 0.203125 0.32091346153846156 0.026442307692307692 0.03365384615384615
1 0.5264423076923077 0.3245192307692308 0.08173076923076923 0.11298076923076923
1 0.7572115384615384 0.30649038461538464 0.07692307692307693 0.11057692307692307
0 0.8329326923076923 0.328125 0.04567307692307692 0.057692307692307696
0 0.9146634615384616 0.31490384615384615 0.07451923076923077 0.0889423076923077
1 0.12259615384615384 0.020432692307692308 0.08173076923076923 0.040865384615384616
1 0.40024038461538464 0.015625 0.036057692307692304 0.03125
1 0.3293269230769231 0.019230769230769232 0.038461538461538464 0.038461538461538464
1 0.2800480769230769 0.019230769230769232 0.036057692307692304 0.038461538461538464
1 0.20192307692307693 0.013221153846153846 0.028846153846153848 0.026442307692307692
1 0.5276442307692307 0.03125 0.08413461538461539 0.0625
1 0.7584134615384616 0.039663461538461536 0.07932692307692307 0.07932692307692307
0 0.8317307692307693 0.015625 0.04807692307692308 0.03125
0 0.9134615384615384 0.030048076923076924 0.07692307692307693 0.06009615384615385