1 0.07572115384615384 0.4495192307692308 0.016826923076923076 0.019230769230769232
1 0.44471153846153844 0.4338942307692308 0.019230769230769232 0.016826923076923076
1 0.5096153846153846 0.4963942307692308 0.02403846153846154 0.021634615384615384
1 0.8076923076923077 0.5108173076923077 0.028846153846153848 0.036057692307692304
1 0.9314903846153846 0.5168269230769231 0.036057692307692304 0.03365384615384615
1 0.6730769230769231 0.44471153846153844 0.014423076923076924 0.014423076923076924
1 0.6610576923076923 0.4375 0.014423076923076924 0.014423076923076924
1 0.25 0.4014423076923077 0.009615384615384616 0.014423076923076924
1 0.23557692307692307 0.4098557692307692 0.009615384615384616 0.01201923076923077
1 0.07572115384615384 0.12259615384615384 0.016826923076923076 0.019230769230769232
1 0.07572115384615384 0.9591346153846154 0.016826923076923076 0.019230769230769232
1 0.44471153846153844 0.140625 0.019230769230769232 0.016826923076923076
1 0.44471153846153844 0.9771634615384616 0.019230769230769232 0.016826923076923076
1 0.5096153846153846 0.078125 0.02403846153846154 0.021634615384615384
1 0.5096153846153846 0.9146634615384616 0.02403846153846154 0.021634615384615384
1 0.8076923076923077 0.06370192307692307 0.028846153846153848 0.036057692307692304
1 0.8076923076923077 0.9002403846153846 0.028846153846153848 0.036057692307692304
1 0.9314903846153846 0.055288461538461536 0.036057692307692304 0.03365384615384615
1 0.9314903846153846 0.8918269230769231 0.036057692307692304 0.03365384615384615
1 0.6730769230769231 0.12740384615384615 0.014423076923076924 0.014423076923076924
1 0.6730769230769231 0.9639423076923077 0.014423076923076924 0.014423076923076924
1 0.6610576923076923 0.1346153846153846 0.014423076923076924 0.014423076923076924
1 0.6610576923076923 0.9711538461538461 0.014423076923076924 0.014423076923076924
1 0.25 0.17067307692307693 0.009615384615384616 0.014423076923076924
1 0.23557692307692307 0.16466346153846154 0.009615384615384616 0.01201923076923077
1 0.23677884615384615 0.9939903846153846 0.01201923076923077 0.002403846153846154