1 0.8365384615384616 0.296875 0.07211538461538461 0.09375
1 0.3245192307692308 0.29086538461538464 0.0673076923076923 0.09615384615384616
1 0.1814903846153846 0.28365384615384615 0.06490384615384616 0.08653846153846154
1 0.4735576923076923 0.296875 0.09134615384615384 0.11778846153846154
1 0.6442307692307693 0.3161057692307692 0.057692307692307696 0.07451923076923077
1 0.7884615384615384 0.3161057692307692 0.052884615384615384 0.06971153846153846
1 0.14302884615384615 0.3137019230769231 0.040865384615384616 0.06009615384615385
1 0.8377403846153846 0.037259615384615384 0.07451923076923077 0.07451923076923077
1 0.32572115384615385 0.040865384615384616 0.06971153846153846 0.08173076923076923
1 0.18028846153846154 0.042067307692307696 0.0673076923076923 0.08413461538461539
1 0.47475961538461536 0.04326923076923077 0.09375 0.08653846153846154
1 0.6454326923076923 0.02283653846153846 0.06009615384615385 0.04567307692307692
1 0.7896634615384616 0.021634615384615384 0.055288461538461536 0.04326923076923077
1 0.14182692307692307 0.020432692307692308 0.04326923076923077 0.040865384615384616