1 0.33052884615384615 0.43509615384615385 0.07451923076923077 0.09375
1 0.6838942307692307 0.45552884615384615 0.06490384615384616 0.08173076923076923
1 0.10697115384615384 0.4543269230769231 0.06009615384615385 0.07932692307692307
1 0.04326923076923077 0.46634615384615385 0.057692307692307696 0.06490384615384616
1 0.5024038461538461 0.44350961538461536 0.052884615384615384 0.0625
1 0.6334134615384616 0.48677884615384615 0.040865384615384616 0.052884615384615384
1 0.8617788461538461 0.4807692307692308 0.036057692307692304 0.05048076923076923
1 0.9375 0.49278846153846156 0.04807692307692308 0.04567307692307692
1 0.9002403846153846 0.48197115384615385 0.036057692307692304 0.057692307692307696
1 0.4074519230769231 0.4879807692307692 0.03125 0.040865384615384616
1 0.5925480769230769 0.47716346153846156 0.026442307692307692 0.03365384615384615
1 0.15504807692307693 0.4699519230769231 0.021634615384615384 0.03365384615384615
1 0.28125 0.4699519230769231 0.019230769230769232 0.02403846153846154