1 0.5144230769230769 0.40384615384615385 0.052884615384615384 0.052884615384615384
1 0.7103365384615384 0.46875 0.06009615384615385 0.0625
1 0.9086538461538461 0.39903846153846156 0.07211538461538461 0.0673076923076923
1 0.3701923076923077 0.48197115384615385 0.052884615384615384 0.06009615384615385
1 0.6658653846153846 0.40384615384615385 0.052884615384615384 0.057692307692307696
1 0.5480769230769231 0.4543269230769231 0.0673076923076923 0.0625
1 0.2692307692307692 0.45552884615384615 0.04326923076923077 0.05048076923076923
1 0.25721153846153844 0.3762019230769231 0.04326923076923077 0.04567307692307692
1 0.028846153846153848 0.44471153846153844 0.04326923076923077 0.03365384615384615
1 0.04567307692307692 0.41466346153846156 0.03365384615384615 0.03125
1 0.10096153846153846 0.4375 0.04326923076923077 0.04326923076923077
1 0.1310096153846154 0.3942307692307692 0.040865384615384616 0.03365384615384615
0 0.8329326923076923 0.45072115384615385 0.07932692307692307 0.07932692307692307
1 0.20432692307692307 0.44711538461538464 0.03365384615384615 0.04326923076923077
1 0.1935096153846154 0.39302884615384615 0.040865384615384616 0.036057692307692304
1 0.515625 0.02403846153846154 0.055288461538461536 0.04807692307692308
1 0.9098557692307693 0.030048076923076924 0.07451923076923077 0.06009615384615385
1 0.6670673076923077 0.025240384615384616 0.055288461538461536 0.05048076923076923
1 0.25721153846153844 0.04927884615384615 0.04326923076923077 0.04567307692307692
1 0.046875 0.013221153846153846 0.036057692307692304 0.026442307692307692
1 0.10216346153846154 0.004807692307692308 0.04567307692307692 0.009615384615384616
1 0.1310096153846154 0.028846153846153848 0.040865384615384616 0.03365384615384615
0 0.8317307692307693 0.007211538461538462 0.08173076923076923 0.014423076923076924
1 0.1935096153846154 0.03245192307692308 0.040865384615384616 0.036057692307692304