1 0.8786057692307693 0.3389423076923077 0.15144230769230768 0.18269230769230768
1 0.6442307692307693 0.3317307692307692 0.12980769230769232 0.18269230769230768
1 0.41466346153846156 0.38100961538461536 0.06490384615384616 0.0985576923076923
1 0.18269230769230768 0.31971153846153844 0.14423076923076922 0.19230769230769232
1 0.5024038461538461 0.39302884615384615 0.09134615384615384 0.12259615384615384
1 0.2776442307692308 0.3581730769230769 0.0889423076923077 0.15384615384615385
1 0.3317307692307692 0.3954326923076923 0.07692307692307693 0.11778846153846154
1 0.8774038461538461 0.07211538461538461 0.15384615384615385 0.14423076923076922
1 0.6454326923076923 0.07572115384615384 0.13221153846153846 0.15144230769230768
1 0.41346153846153844 0.030048076923076924 0.0673076923076923 0.06009615384615385
1 0.18389423076923078 0.08413461538461539 0.1466346153846154 0.16826923076923078
1 0.5036057692307693 0.030048076923076924 0.09375 0.06009615384615385
1 0.2764423076923077 0.055288461538461536 0.09134615384615384 0.11057692307692307
1 0.3329326923076923 0.027644230769230768 0.07932692307692307 0.055288461538461536