1 0.33413461538461536 0.5697115384615384 0.057692307692307696 0.07451923076923077
1 0.5552884615384616 0.26322115384615385 0.0625 0.0625
0 0.6838942307692307 0.21754807692307693 0.06971153846153846 0.08413461538461539
0 0.6430288461538461 0.2536057692307692 0.09375 0.10096153846153846
0 0.7403846153846154 0.2548076923076923 0.07692307692307693 0.08413461538461539
0 0.7896634615384616 0.1971153846153846 0.06490384615384616 0.0625
0 0.8725961538461539 0.21514423076923078 0.057692307692307696 0.0889423076923077
0 0.9399038461538461 0.19471153846153846 0.09134615384615384 0.057692307692307696
1 0.5552884615384616 0.06490384615384616 0.0625 0.0625
0 0.6838942307692307 0.11177884615384616 0.06971153846153846 0.08413461538461539
0 0.6430288461538461 0.07451923076923077 0.09375 0.10096153846153846
0 0.7403846153846154 0.07572115384615384 0.07692307692307693 0.08413461538461539
0 0.7896634615384616 0.12980769230769232 0.06490384615384616 0.0625
0 0.8725961538461539 0.1141826923076923 0.057692307692307696 0.0889423076923077
0 0.9399038461538461 0.13221153846153846 0.09134615384615384 0.057692307692307696