1 0.8930288461538461 0.45552884615384615 0.055288461538461536 0.052884615384615384
1 0.7259615384615384 0.45913461538461536 0.04807692307692308 0.055288461538461536
1 0.3125 0.4567307692307692 0.028846153846153848 0.03125
1 0.390625 0.45552884615384615 0.026442307692307692 0.038461538461538464
1 0.4110576923076923 0.46153846153846156 0.019230769230769232 0.036057692307692304
1 0.47115384615384615 0.44471153846153844 0.028846153846153848 0.036057692307692304
0 0.44350961538461536 0.45913461538461536 0.021634615384615384 0.036057692307692304
1 0.5204326923076923 0.4519230769230769 0.03125 0.05048076923076923
1 0.5540865384615384 0.4483173076923077 0.03125 0.04807692307692308
1 0.6899038461538461 0.4579326923076923 0.028846153846153848 0.04326923076923077
1 0.6418269230769231 0.4495192307692308 0.03365384615384615 0.055288461538461536