1 0.7836538461538461 0.38461538461538464 0.1346153846153846 0.16346153846153846
1 0.2668269230769231 0.4375 0.057692307692307696 0.07692307692307693
1 0.5793269230769231 0.43028846153846156 0.057692307692307696 0.08173076923076923
1 0.37259615384615385 0.44350961538461536 0.07211538461538461 0.08413461538461539
1 0.46033653846153844 0.4074519230769231 0.0889423076923077 0.11298076923076923
1 0.8882211538461539 0.3894230769230769 0.11778846153846154 0.15384615384615385
1 0.6670673076923077 0.4254807692307692 0.09375 0.1346153846153846
1 0.7848557692307693 0.05889423076923077 0.13701923076923078 0.11778846153846154
1 0.26802884615384615 0.010817307692307692 0.06009615384615385 0.021634615384615384
1 0.5805288461538461 0.015625 0.06009615384615385 0.03125
1 0.3737980769230769 0.009615384615384616 0.07451923076923077 0.019230769230769232
1 0.45913461538461536 0.03485576923076923 0.09134615384615384 0.06971153846153846
1 0.8870192307692307 0.054086538461538464 0.1201923076923077 0.10817307692307693
1 0.6658653846153846 0.03125 0.09615384615384616 0.0625