1 0.8677884615384616 0.33653846153846156 0.08173076923076923 0.09375
1 0.9651442307692307 0.31850961538461536 0.055288461538461536 0.11538461538461539
0 0.6418269230769231 0.34975961538461536 0.07211538461538461 0.08173076923076923
0 0.20072115384615385 0.29927884615384615 0.10336538461538461 0.1201923076923077
0 0.3173076923076923 0.3545673076923077 0.0625 0.08173076923076923
0 0.4423076923076923 0.33653846153846156 0.052884615384615384 0.06971153846153846
1 0.7199519230769231 0.34375 0.05048076923076923 0.07932692307692307
1 0.8689903846153846 0.020432692307692308 0.08413461538461539 0.040865384615384616
1 0.9639423076923077 0.03485576923076923 0.057692307692307696 0.06971153846153846
0 0.6430288461538461 0.010817307692307692 0.07451923076923077 0.021634615384615384
0 0.19951923076923078 0.04567307692307692 0.10576923076923077 0.09134615384615384
0 0.31850961538461536 0.008413461538461538 0.06490384615384616 0.016826923076923076
0 0.44350961538461536 0.014423076923076924 0.055288461538461536 0.028846153846153848
1 0.71875 0.013221153846153846 0.052884615384615384 0.026442307692307692