1 0.7884615384615384 0.4723557692307692 0.18269230769230768 0.21875
1 0.46274038461538464 0.31850961538461536 0.08413461538461539 0.0985576923076923
1 0.5252403846153846 0.38100961538461536 0.14182692307692307 0.13701923076923078
1 0.37740384615384615 0.27163461538461536 0.04807692307692308 0.057692307692307696
1 0.10697115384615384 0.20793269230769232 0.04567307692307692 0.07932692307692307
1 0.2980769230769231 0.21634615384615385 0.052884615384615384 0.0673076923076923
1 0.38341346153846156 0.22115384615384615 0.05048076923076923 0.057692307692307696
1 0.34615384615384615 0.21394230769230768 0.038461538461538464 0.04807692307692308
1 0.29927884615384615 0.03245192307692308 0.055288461538461536 0.06490384615384616
1 0.38221153846153844 0.027644230769230768 0.052884615384615384 0.055288461538461536
1 0.34615384615384615 0.03125 0.038461538461538464 0.04807692307692308