1 0.8209134615384616 0.25721153846153844 0.17067307692307693 0.18028846153846154
0 0.08413461538461539 0.28125 0.07211538461538461 0.09375
0 0.6646634615384616 0.27403846153846156 0.06971153846153846 0.09375
0 0.14543269230769232 0.3004807692307692 0.09375 0.11778846153846154
0 0.4951923076923077 0.27884615384615385 0.11057692307692307 0.12259615384615384
0 0.42908653846153844 0.26322115384615385 0.07451923076923077 0.10576923076923077
0 0.9326923076923077 0.2776442307692308 0.057692307692307696 0.07211538461538461
0 0.7067307692307693 0.27283653846153844 0.038461538461538464 0.07692307692307693
0 0.5841346153846154 0.265625 0.0625 0.07211538461538461
1 0.8197115384615384 0.08173076923076923 0.17307692307692307 0.16346153846153846
0 0.08413461538461539 0.04927884615384615 0.07211538461538461 0.09375
0 0.6646634615384616 0.056490384615384616 0.06971153846153846 0.09375
0 0.14423076923076922 0.04447115384615385 0.09615384615384616 0.0889423076923077
0 0.4963942307692308 0.056490384615384616 0.11298076923076923 0.11298076923076923
0 0.42908653846153844 0.06490384615384616 0.07451923076923077 0.10576923076923077
0 0.9326923076923077 0.05048076923076923 0.057692307692307696 0.07211538461538461
0 0.7067307692307693 0.055288461538461536 0.038461538461538464 0.07692307692307693
0 0.5841346153846154 0.0625 0.0625 0.07211538461538461