1 0.4951923076923077 0.3954326923076923 0.08173076923076923 0.125
1 0.056490384615384616 0.35336538461538464 0.11298076923076923 0.2091346153846154
1 0.6286057692307693 0.43149038461538464 0.11298076923076923 0.14903846153846154
1 0.8329326923076923 0.3894230769230769 0.07932692307692307 0.12259615384615384
0 0.6935096153846154 0.36778846153846156 0.08413461538461539 0.09375
0 0.23076923076923078 0.4495192307692308 0.12980769230769232 0.16105769230769232
0 0.40625 0.40024038461538464 0.08653846153846154 0.1201923076923077
0 0.90625 0.42788461538461536 0.12980769230769232 0.16105769230769232
0 0.22355769230769232 0.3870192307692308 0.07211538461538461 0.08413461538461539
1 0.3233173076923077 0.421875 0.026442307692307692 0.038461538461538464
1 0.057692307692307696 0.040865384615384616 0.11538461538461539 0.08173076923076923