1 0.7415865384615384 0.5132211538461539 0.06490384615384616 0.07451923076923077
0 0.3088942307692308 0.5180288461538461 0.05048076923076923 0.06009615384615385
0 0.8641826923076923 0.5192307692307693 0.04567307692307692 0.0625
0 0.41466346153846156 0.5276442307692307 0.04567307692307692 0.055288461538461536
0 0.23918269230769232 0.5192307692307693 0.05048076923076923 0.057692307692307696
0 0.6358173076923077 0.5228365384615384 0.05048076923076923 0.06009615384615385
0 0.9110576923076923 0.5276442307692307 0.04326923076923077 0.06490384615384616
0 0.5012019230769231 0.5324519230769231 0.05048076923076923 0.055288461538461536
1 0.02403846153846154 0.5180288461538461 0.03365384615384615 0.040865384615384616
1 0.16947115384615385 0.5408653846153846 0.040865384615384616 0.04326923076923077
0 0.6862980769230769 0.5576923076923077 0.03125 0.038461538461538464
1 0.7403846153846154 0.013221153846153846 0.0673076923076923 0.026442307692307692
1 0.7403846153846154 0.9639423076923077 0.0673076923076923 0.0625
0 0.3076923076923077 0.007211538461538462 0.052884615384615384 0.014423076923076924
0 0.3088942307692308 0.9675480769230769 0.05048076923076923 0.06009615384615385
0 0.8629807692307693 0.007211538461538462 0.04807692307692308 0.014423076923076924
0 0.8641826923076923 0.9639423076923077 0.04567307692307692 0.0625
0 0.41466346153846156 0.9579326923076923 0.04567307692307692 0.055288461538461536
0 0.23798076923076922 0.006009615384615385 0.052884615384615384 0.01201923076923077
0 0.23918269230769232 0.9639423076923077 0.05048076923076923 0.057692307692307696
0 0.6346153846153846 0.004807692307692308 0.052884615384615384 0.009615384615384616
0 0.6358173076923077 0.9627403846153846 0.05048076923076923 0.06009615384615385
0 0.9110576923076923 0.9579326923076923 0.04326923076923077 0.06490384615384616
0 0.5012019230769231 0.953125 0.05048076923076923 0.055288461538461536
1 0.02403846153846154 0.9675480769230769 0.03365384615384615 0.040865384615384616
1 0.16947115384615385 0.9423076923076923 0.040865384615384616 0.04326923076923077
0 0.6862980769230769 0.9254807692307693 0.03125 0.038461538461538464