1 0.8293269230769231 0.31850961538461536 0.08173076923076923 0.10096153846153846
1 0.11177884615384616 0.33052884615384615 0.06971153846153846 0.09134615384615384
1 0.6274038461538461 0.34134615384615385 0.0673076923076923 0.0889423076923077
1 0.3425480769230769 0.33653846153846156 0.06490384615384616 0.0889423076923077
1 0.5036057692307693 0.34615384615384615 0.06009615384615385 0.09375
1 0.45552884615384615 0.33774038461538464 0.05048076923076923 0.08653846153846154
1 0.703125 0.37259615384615385 0.04567307692307692 0.055288461538461536
0 0.21754807692307693 0.3425480769230769 0.06490384615384616 0.0673076923076923
0 0.2776442307692308 0.34375 0.040865384615384616 0.05048076923076923
1 0.75 0.36778846153846156 0.038461538461538464 0.055288461538461536
0 0.1466346153846154 0.33774038461538464 0.038461538461538464 0.052884615384615384
0 0.07451923076923077 0.35336538461538464 0.038461538461538464 0.06971153846153846
0 0.5697115384615384 0.35697115384615385 0.038461538461538464 0.03365384615384615
0 0.4110576923076923 0.3485576923076923 0.03365384615384615 0.040865384615384616
1 0.8305288461538461 0.03125 0.08413461538461539 0.0625
1 0.11057692307692307 0.02283653846153846 0.07211538461538461 0.04567307692307692
1 0.6286057692307693 0.016826923076923076 0.06971153846153846 0.03365384615384615
1 0.34134615384615385 0.019230769230769232 0.0673076923076923 0.038461538461538464
1 0.5024038461538461 0.015625 0.0625 0.03125
1 0.4543269230769231 0.018028846153846152 0.052884615384615384 0.036057692307692304
0 0.21634615384615385 0.010817307692307692 0.0673076923076923 0.021634615384615384
0 0.2764423076923077 0.006009615384615385 0.04326923076923077 0.01201923076923077
0 0.14783653846153846 0.009615384615384616 0.040865384615384616 0.019230769230769232
0 0.07572115384615384 0.006009615384615385 0.040865384615384616 0.01201923076923077