1 0.1778846153846154 0.4723557692307692 0.0625 0.06971153846153846
1 0.31009615384615385 0.4795673076923077 0.057692307692307696 0.06971153846153846
1 0.22956730769230768 0.46274038461538464 0.05048076923076923 0.06490384615384616
1 0.5180288461538461 0.46274038461538464 0.04567307692307692 0.06009615384615385
1 0.40625 0.4543269230769231 0.052884615384615384 0.0673076923076923
0 0.05889423076923077 0.5 0.03125 0.038461538461538464
0 0.12259615384615384 0.48677884615384615 0.02403846153846154 0.03125
1 0.6430288461538461 0.46634615384615385 0.040865384615384616 0.0673076923076923
1 0.6862980769230769 0.46033653846153844 0.04567307692307692 0.055288461538461536
0 0.9399038461538461 0.47716346153846156 0.04326923076923077 0.06009615384615385
0 0.7283653846153846 0.48197115384615385 0.03365384615384615 0.040865384615384616