1 0.7524038461538461 0.3112980769230769 0.07692307692307693 0.10576923076923077
1 0.6009615384615384 0.35096153846153844 0.057692307692307696 0.06971153846153846
1 0.21153846153846154 0.3317307692307692 0.057692307692307696 0.07932692307692307
0 0.47475961538461536 0.33653846153846156 0.06971153846153846 0.0985576923076923
0 0.29086538461538464 0.3473557692307692 0.057692307692307696 0.09615384615384616
0 0.38822115384615385 0.3317307692307692 0.04567307692307692 0.06971153846153846
0 0.8197115384615384 0.34615384615384615 0.04807692307692308 0.06009615384615385
0 0.9326923076923077 0.359375 0.02403846153846154 0.03365384615384615
1 0.9206730769230769 0.3605769230769231 0.014423076923076924 0.03125
1 0.7536057692307693 0.036057692307692304 0.07932692307692307 0.07211538461538461
1 0.6021634615384616 0.007211538461538462 0.06009615384615385 0.014423076923076924
1 0.2127403846153846 0.019230769230769232 0.06009615384615385 0.038461538461538464
0 0.4735576923076923 0.021634615384615384 0.07211538461538461 0.04326923076923077
0 0.2920673076923077 0.015625 0.06009615384615385 0.03125
0 0.3870192307692308 0.016826923076923076 0.04807692307692308 0.03365384615384615
0 0.8209134615384616 0.007211538461538462 0.05048076923076923 0.014423076923076924