1 0.5625 0.44711538461538464 0.08173076923076923 0.11298076923076923
1 0.40625 0.35336538461538464 0.04807692307692308 0.06009615384615385
1 0.30288461538461536 0.4254807692307692 0.03365384615384615 0.040865384615384616
1 0.27283653846153844 0.4050480769230769 0.026442307692307692 0.03365384615384615
1 0.16947115384615385 0.32091346153846156 0.026442307692307692 0.03365384615384615
1 0.042067307692307696 0.3425480769230769 0.021634615384615384 0.03365384615384615
1 0.25721153846153844 0.32211538461538464 0.019230769230769232 0.03125
1 0.37259615384615385 0.32572115384615385 0.038461538461538464 0.04807692307692308
1 0.6935096153846154 0.31850961538461536 0.016826923076923076 0.028846153846153848
1 0.8100961538461539 0.3016826923076923 0.02403846153846154 0.038461538461538464
1 0.16826923076923078 0.003605769230769231 0.028846153846153848 0.007211538461538462
1 0.25841346153846156 0.002403846153846154 0.021634615384615384 0.004807692307692308
1 0.3737980769230769 0.004807692307692308 0.040865384615384616 0.009615384615384616
1 0.6923076923076923 0.003605769230769231 0.019230769230769232 0.007211538461538462
1 0.8112980769230769 0.014423076923076924 0.026442307692307692 0.028846153846153848