0 0.5180288461538461 0.35096153846153844 0.07932692307692307 0.08653846153846154
0 0.8329326923076923 0.3485576923076923 0.06971153846153846 0.09134615384615384
0 0.29447115384615385 0.3449519230769231 0.08413461538461539 0.0985576923076923
0 0.6682692307692307 0.3473557692307692 0.0673076923076923 0.0889423076923077
0 0.18028846153846154 0.3581730769230769 0.09134615384615384 0.10576923076923077
0 0.0985576923076923 0.328125 0.09615384615384616 0.11778846153846154
0 0.5168269230769231 0.010817307692307692 0.08173076923076923 0.021634615384615384
0 0.8317307692307693 0.013221153846153846 0.07211538461538461 0.026442307692307692
0 0.2932692307692308 0.016826923076923076 0.08653846153846154 0.03365384615384615
0 0.6694711538461539 0.013221153846153846 0.06971153846153846 0.026442307692307692
0 0.1814903846153846 0.01201923076923077 0.09375 0.02403846153846154
0 0.09975961538461539 0.030048076923076924 0.0985576923076923 0.06009615384615385