1 0.20072115384615385 0.4375 0.055288461538461536 0.07211538461538461
1 0.5540865384615384 0.4423076923076923 0.04567307692307692 0.0673076923076923
1 0.3293269230769231 0.4519230769230769 0.052884615384615384 0.0673076923076923
1 0.1310096153846154 0.44591346153846156 0.04567307692307692 0.06009615384615385
1 0.296875 0.45552884615384615 0.03125 0.055288461538461536
1 0.4375 0.4495192307692308 0.04326923076923077 0.0625
1 0.47716346153846156 0.45072115384615385 0.03125 0.04567307692307692
1 0.5180288461538461 0.4387019230769231 0.026442307692307692 0.04567307692307692
1 0.6334134615384616 0.4266826923076923 0.05048076923076923 0.06971153846153846
1 0.8870192307692307 0.44350961538461536 0.04807692307692308 0.06009615384615385
1 0.8365384615384616 0.44591346153846156 0.03365384615384615 0.05048076923076923
1 0.7331730769230769 0.43990384615384615 0.03365384615384615 0.04807692307692308
1 0.6983173076923077 0.44471153846153844 0.036057692307692304 0.04807692307692308
1 0.6694711538461539 0.4423076923076923 0.026442307692307692 0.04807692307692308