1 0.0673076923076923 0.4338942307692308 0.04807692307692308 0.055288461538461536
1 0.19471153846153846 0.42788461538461536 0.04326923076923077 0.057692307692307696
1 0.34134615384615385 0.43509615384615385 0.04807692307692308 0.057692307692307696
1 0.2956730769230769 0.4699519230769231 0.03365384615384615 0.04567307692307692
1 0.40024038461538464 0.47475961538461536 0.03125 0.05048076923076923
1 0.453125 0.44591346153846156 0.05048076923076923 0.05048076923076923
1 0.4891826923076923 0.4543269230769231 0.03125 0.04807692307692308
1 0.5348557692307693 0.4795673076923077 0.03125 0.04567307692307692
1 0.5721153846153846 0.4699519230769231 0.04326923076923077 0.05048076923076923
1 0.6286057692307693 0.45072115384615385 0.026442307692307692 0.04567307692307692
1 0.6514423076923077 0.4651442307692308 0.038461538461538464 0.055288461538461536
1 0.7007211538461539 0.4495192307692308 0.040865384615384616 0.057692307692307696
1 0.7932692307692307 0.4699519230769231 0.038461538461538464 0.04567307692307692
1 0.9314903846153846 0.4675480769230769 0.05048076923076923 0.06009615384615385
1 0.0673076923076923 0.0829326923076923 0.04807692307692308 0.055288461538461536
1 0.19471153846153846 0.08653846153846154 0.04326923076923077 0.057692307692307696
1 0.34134615384615385 0.07932692307692307 0.04807692307692308 0.057692307692307696
1 0.2956730769230769 0.046875 0.03365384615384615 0.04567307692307692
1 0.296875 0.9855769230769231 0.036057692307692304 0.019230769230769232
1 0.40024038461538464 0.042067307692307696 0.03125 0.05048076923076923
1 0.39903846153846156 0.9819711538461539 0.03365384615384615 0.026442307692307692
1 0.453125 0.07091346153846154 0.05048076923076923 0.05048076923076923
1 0.4891826923076923 0.06009615384615385 0.03125 0.04807692307692308
1 0.5348557692307693 0.037259615384615384 0.03125 0.04567307692307692
1 0.5336538461538461 0.9807692307692307 0.03365384615384615 0.028846153846153848
1 0.5721153846153846 0.046875 0.04326923076923077 0.05048076923076923
1 0.5733173076923077 0.984375 0.04567307692307692 0.021634615384615384
1 0.6286057692307693 0.06610576923076923 0.026442307692307692 0.04567307692307692
1 0.6514423076923077 0.051682692307692304 0.038461538461538464 0.055288461538461536
1 0.6526442307692307 0.9855769230769231 0.040865384615384616 0.019230769230769232
1 0.7007211538461539 0.06490384615384616 0.040865384615384616 0.057692307692307696
1 0.7932692307692307 0.046875 0.038461538461538464 0.04567307692307692
1 0.7944711538461539 0.9855769230769231 0.040865384615384616 0.019230769230769232
1 0.9314903846153846 0.04927884615384615 0.05048076923076923 0.06009615384615385
1 0.9302884615384616 0.9831730769230769 0.052884615384615384 0.02403846153846154