1 0.41346153846153844 0.2620192307692308 0.16346153846153846 0.16346153846153846
1 0.49038461538461536 0.4362980769230769 0.08173076923076923 0.09375
1 0.17067307692307693 0.42788461538461536 0.07692307692307693 0.11057692307692307
1 0.020432692307692308 0.3713942307692308 0.040865384615384616 0.0889423076923077
1 0.5625 0.4423076923076923 0.057692307692307696 0.0625
1 0.4987980769230769 0.3485576923076923 0.03125 0.038461538461538464
1 0.5961538461538461 0.4182692307692308 0.04326923076923077 0.038461538461538464
1 0.7271634615384616 0.4074519230769231 0.03125 0.036057692307692304
1 0.8389423076923077 0.3605769230769231 0.02403846153846154 0.03365384615384615
1 0.6838942307692307 0.3894230769230769 0.03125 0.03365384615384615
1 0.7355769230769231 0.36778846153846156 0.02403846153846154 0.03365384615384615
1 0.59375 0.34975961538461536 0.03365384615384615 0.036057692307692304
1 0.7103365384615384 0.35216346153846156 0.021634615384615384 0.036057692307692304
1 0.41466346153846156 0.07451923076923077 0.1658653846153846 0.14903846153846154