1 0.11778846153846154 0.8125 0.17307692307692307 0.11057692307692307
0 0.09495192307692307 0.2920673076923077 0.0889423076923077 0.0889423076923077
0 0.7872596153846154 0.25 0.07932692307692307 0.09615384615384616
0 0.6502403846153846 0.2800480769230769 0.09375 0.10336538461538461
0 0.4170673076923077 0.28365384615384615 0.07932692307692307 0.10096153846153846
0 0.8269230769230769 0.33653846153846156 0.09134615384615384 0.10576923076923077
0 0.2824519230769231 0.25721153846153844 0.09375 0.1201923076923077
0 0.18509615384615385 0.3557692307692308 0.13942307692307693 0.14903846153846154
0 0.5456730769230769 0.4639423076923077 0.10576923076923077 0.14903846153846154
1 0.11778846153846154 0.9326923076923077 0.17307692307692307 0.11057692307692307
0 0.7860576923076923 0.02283653846153846 0.08173076923076923 0.04567307692307692
0 0.6490384615384616 0.009615384615384616 0.09615384615384616 0.019230769230769232
0 0.28125 0.025240384615384616 0.09615384615384616 0.05048076923076923