0 0.24879807692307693 0.4579326923076923 0.07451923076923077 0.09375
0 0.9278846153846154 0.4567307692307692 0.11057692307692307 0.125
0 0.12259615384615384 0.4723557692307692 0.09615384615384616 0.11778846153846154
0 0.9086538461538461 0.38221153846153844 0.0625 0.0673076923076923
0 0.7620192307692307 0.3858173076923077 0.057692307692307696 0.06971153846153846
0 0.6622596153846154 0.45552884615384615 0.0889423076923077 0.09375
0 0.5625 0.39663461538461536 0.057692307692307696 0.0673076923076923
0 0.7668269230769231 0.4723557692307692 0.08653846153846154 0.10336538461538461
0 0.6923076923076923 0.38822115384615385 0.04326923076923077 0.05048076923076923
0 0.6322115384615384 0.41225961538461536 0.04807692307692308 0.06490384615384616
0 0.14182692307692307 0.4026442307692308 0.052884615384615384 0.05048076923076923
0 0.5985576923076923 0.3798076923076923 0.03365384615384615 0.04326923076923077