0 0.7079326923076923 0.3545673076923077 0.06490384615384616 0.08173076923076923
0 0.8629807692307693 0.3762019230769231 0.07211538461538461 0.10576923076923077
0 0.5120192307692307 0.34615384615384615 0.0625 0.08413461538461539
0 0.10576923076923077 0.31971153846153844 0.0625 0.0889423076923077
0 0.3161057692307692 0.36658653846153844 0.06490384615384616 0.08173076923076923
0 0.44350961538461536 0.3425480769230769 0.055288461538461536 0.08173076923076923
0 0.1971153846153846 0.3473557692307692 0.04807692307692308 0.0673076923076923
0 0.3485576923076923 0.3329326923076923 0.04807692307692308 0.07211538461538461
0 0.5625 0.3317307692307692 0.038461538461538464 0.06009615384615385
0 0.6418269230769231 0.37259615384615385 0.04807692307692308 0.06009615384615385
0 0.10697115384615384 0.010817307692307692 0.06490384615384616 0.021634615384615384