1 0.8125 0.2644230769230769 0.09615384615384616 0.1346153846153846
1 0.2283653846153846 0.3245192307692308 0.07211538461538461 0.08653846153846154
1 0.328125 0.3088942307692308 0.06009615384615385 0.07451923076923077
0 0.6646634615384616 0.2932692307692308 0.06971153846153846 0.08173076923076923
0 0.4987980769230769 0.3125 0.04567307692307692 0.08173076923076923
0 0.36177884615384615 0.3004807692307692 0.03125 0.057692307692307696
0 0.41466346153846156 0.3173076923076923 0.036057692307692304 0.04807692307692308
0 0.5588942307692307 0.31971153846153844 0.03125 0.04326923076923077
0 0.6189903846153846 0.3137019230769231 0.03125 0.04567307692307692
1 0.7487980769230769 0.33533653846153844 0.04567307692307692 0.055288461538461536
1 0.8137019230769231 0.025240384615384616 0.0985576923076923 0.05048076923076923