1 0.5913461538461539 0.23197115384615385 0.0673076923076923 0.0985576923076923
1 0.7536057692307693 0.25841346153846156 0.15625 0.18028846153846154
1 0.4879807692307692 0.25600961538461536 0.09134615384615384 0.10817307692307693
1 0.9230769230769231 0.25841346153846156 0.1201923076923077 0.1658653846153846
1 0.18870192307692307 0.2776442307692308 0.055288461538461536 0.07451923076923077
1 0.4182692307692308 0.32572115384615385 0.125 0.15144230769230768
1 0.5456730769230769 0.265625 0.04326923076923077 0.06490384615384616
1 0.8461538461538461 0.24519230769230768 0.052884615384615384 0.09134615384615384
1 0.2512019230769231 0.28966346153846156 0.036057692307692304 0.055288461538461536
1 0.31490384615384615 0.28846153846153844 0.03365384615384615 0.04807692307692308
1 0.35336538461538464 0.28125 0.038461538461538464 0.052884615384615384
1 0.22235576923076922 0.2704326923076923 0.040865384615384616 0.05048076923076923
1 0.5913461538461539 0.09735576923076923 0.0673076923076923 0.0985576923076923
1 0.7524038461538461 0.08052884615384616 0.15865384615384615 0.16105769230769232
1 0.4879807692307692 0.0733173076923077 0.09134615384615384 0.10817307692307693
1 0.9242788461538461 0.07692307692307693 0.12259615384615384 0.15384615384615385
1 0.18870192307692307 0.051682692307692304 0.055288461538461536 0.07451923076923077
1 0.41947115384615385 0.039663461538461536 0.12740384615384615 0.07932692307692307
1 0.5456730769230769 0.06370192307692307 0.04326923076923077 0.06490384615384616
1 0.8461538461538461 0.08173076923076923 0.052884615384615384 0.09134615384615384
1 0.2512019230769231 0.039663461538461536 0.036057692307692304 0.055288461538461536
1 0.31490384615384615 0.038461538461538464 0.03365384615384615 0.04807692307692308
1 0.35336538461538464 0.04567307692307692 0.038461538461538464 0.052884615384615384
1 0.22235576923076922 0.05889423076923077 0.040865384615384616 0.05048076923076923