1 0.5600961538461539 0.5456730769230769 0.04807692307692308 0.0673076923076923
1 0.1310096153846154 0.5625 0.040865384615384616 0.04807692307692308
1 0.051682692307692304 0.5396634615384616 0.036057692307692304 0.036057692307692304
1 0.08052884615384616 0.5600961538461539 0.036057692307692304 0.04807692307692308
1 0.2247596153846154 0.5564903846153846 0.03125 0.04567307692307692
1 0.27403846153846156 0.5480769230769231 0.03365384615384615 0.04807692307692308
1 0.3137019230769231 0.5673076923076923 0.04567307692307692 0.057692307692307696
1 0.3954326923076923 0.5444711538461539 0.04567307692307692 0.055288461538461536
1 0.5180288461538461 0.5637019230769231 0.036057692307692304 0.05048076923076923
1 0.49158653846153844 0.5492788461538461 0.03125 0.04567307692307692
1 0.6358173076923077 0.546875 0.036057692307692304 0.04567307692307692
1 0.6754807692307693 0.546875 0.03365384615384615 0.05048076923076923
1 0.7175480769230769 0.5600961538461539 0.040865384615384616 0.052884615384615384
0 0.9338942307692307 0.5973557692307693 0.06971153846153846 0.06971153846153846
1 0.7980769230769231 0.5408653846153846 0.04807692307692308 0.052884615384615384
1 0.8966346153846154 0.5396634615384616 0.03365384615384615 0.04567307692307692
1 0.9663461538461539 0.5456730769230769 0.04807692307692308 0.057692307692307696