1 0.08533653846153846 0.33533653846153844 0.04567307692307692 0.055288461538461536
0 0.1814903846153846 0.3161057692307692 0.05048076923076923 0.05048076923076923
0 0.30288461538461536 0.30408653846153844 0.057692307692307696 0.06009615384615385
0 0.23076923076923078 0.328125 0.038461538461538464 0.04567307692307692
0 0.4182692307692308 0.328125 0.04326923076923077 0.04567307692307692
0 0.4723557692307692 0.33653846153846156 0.03125 0.03365384615384615
0 0.5697115384615384 0.28125 0.08173076923076923 0.08653846153846154
0 0.609375 0.2932692307692308 0.040865384615384616 0.04807692307692308
0 0.8725961538461539 0.33533653846153844 0.11057692307692307 0.11298076923076923
1 0.08413461538461539 0.015625 0.04807692307692308 0.03125
0 0.18028846153846154 0.02403846153846154 0.052884615384615384 0.04807692307692308
0 0.30288461538461536 0.03485576923076923 0.057692307692307696 0.06009615384615385
0 0.23197115384615385 0.016826923076923076 0.040865384615384616 0.03365384615384615
0 0.41947115384615385 0.016826923076923076 0.04567307692307692 0.03365384615384615
0 0.47115384615384615 0.009615384615384616 0.03365384615384615 0.019230769230769232
0 0.5697115384615384 0.055288461538461536 0.08173076923076923 0.08653846153846154
0 0.609375 0.04326923076923077 0.040865384615384616 0.04807692307692308
0 0.8737980769230769 0.030048076923076924 0.11298076923076923 0.06009615384615385