1 0.3016826923076923 0.29447115384615385 0.08413461538461539 0.12740384615384615
1 0.43509615384615385 0.3137019230769231 0.0673076923076923 0.08413461538461539
1 0.7716346153846154 0.3233173076923077 0.07692307692307693 0.10817307692307693
1 0.24879807692307693 0.3161057692307692 0.055288461538461536 0.08413461538461539
1 0.6598557692307693 0.27403846153846156 0.09375 0.13942307692307693
1 0.04807692307692308 0.22355769230769232 0.09615384615384616 0.14423076923076922
1 0.9483173076923077 0.296875 0.09375 0.14182692307692307
1 0.7247596153846154 0.31009615384615385 0.05048076923076923 0.08173076923076923
1 0.3485576923076923 0.3233173076923077 0.04326923076923077 0.06490384615384616
1 0.6586538461538461 0.021634615384615384 0.09615384615384616 0.04326923076923077
1 0.04807692307692308 0.046875 0.09615384615384616 0.09375