0 0.11177884615384616 0.23076923076923078 0.13221153846153846 0.16346153846153846
1 0.18028846153846154 0.2548076923076923 0.07211538461538461 0.12980769230769232
1 0.3137019230769231 0.3161057692307692 0.14182692307692307 0.1658653846153846
1 0.4387019230769231 0.30528846153846156 0.0889423076923077 0.12980769230769232
1 0.5216346153846154 0.28365384615384615 0.057692307692307696 0.07692307692307693
1 0.6418269230769231 0.26322115384615385 0.07211538461538461 0.11778846153846154
0 0.7211538461538461 0.2776442307692308 0.1346153846153846 0.19951923076923078
0 0.8257211538461539 0.3112980769230769 0.06009615384615385 0.09375
0 0.9086538461538461 0.2439903846153846 0.16826923076923078 0.23798076923076922
0 0.11057692307692307 0.04927884615384615 0.1346153846153846 0.0985576923076923
1 0.1814903846153846 0.028846153846153848 0.07451923076923077 0.057692307692307696
1 0.6430288461538461 0.021634615384615384 0.07451923076923077 0.04326923076923077
0 0.7223557692307693 0.03485576923076923 0.13701923076923078 0.06971153846153846
0 0.9098557692307693 0.06129807692307692 0.17067307692307693 0.12259615384615384