1 0.16826923076923078 0.41225961538461536 0.16346153846153846 0.16826923076923078
1 0.7848557692307693 0.41466346153846156 0.06490384615384616 0.057692307692307696
1 0.27163461538461536 0.43149038461538464 0.11538461538461539 0.125
1 0.49278846153846156 0.4206730769230769 0.08653846153846154 0.11778846153846154
1 0.8557692307692307 0.421875 0.04807692307692308 0.052884615384615384
1 0.9074519230769231 0.41225961538461536 0.04567307692307692 0.057692307692307696
1 0.6995192307692307 0.4362980769230769 0.03365384615384615 0.057692307692307696
1 0.6682692307692307 0.4338942307692308 0.019230769230769232 0.03365384615384615
1 0.16947115384615385 0.054086538461538464 0.1658653846153846 0.10817307692307693
1 0.7836538461538461 0.025240384615384616 0.0673076923076923 0.05048076923076923
1 0.27283653846153844 0.03365384615384615 0.11778846153846154 0.0673076923076923
1 0.49399038461538464 0.037259615384615384 0.0889423076923077 0.07451923076923077
1 0.8569711538461539 0.020432692307692308 0.05048076923076923 0.040865384615384616
1 0.90625 0.026442307692307692 0.04807692307692308 0.052884615384615384
1 0.7007211538461539 0.014423076923076924 0.036057692307692304 0.028846153846153848
1 0.6694711538461539 0.009615384615384616 0.021634615384615384 0.019230769230769232