1 0.1310096153846154 0.35216346153846156 0.06971153846153846 0.0673076923076923
1 0.3786057692307692 0.40625 0.04567307692307692 0.055288461538461536
1 0.3329326923076923 0.4110576923076923 0.036057692307692304 0.04567307692307692
1 0.6274038461538461 0.4074519230769231 0.04326923076923077 0.052884615384615384
1 0.578125 0.40384615384615385 0.040865384615384616 0.05048076923076923
1 0.6899038461538461 0.4074519230769231 0.038461538461538464 0.04807692307692308
1 0.7463942307692307 0.40384615384615385 0.040865384615384616 0.055288461538461536
1 0.8257211538461539 0.4110576923076923 0.036057692307692304 0.055288461538461536
1 0.8641826923076923 0.390625 0.04567307692307692 0.057692307692307696
1 0.234375 0.41346153846153844 0.04567307692307692 0.05048076923076923
1 0.039663461538461536 0.4206730769230769 0.04567307692307692 0.06490384615384616
1 0.13942307692307693 0.4026442307692308 0.03365384615384615 0.052884615384615384
1 0.15625 0.41346153846153844 0.03365384615384615 0.06009615384615385
1 0.12980769230769232 0.006009615384615385 0.07211538461538461 0.01201923076923077