0 0.8497596153846154 0.3425480769230769 0.055288461538461536 0.06490384615384616
0 0.7055288461538461 0.3545673076923077 0.040865384615384616 0.06009615384615385
0 0.020432692307692308 0.3641826923076923 0.026442307692307692 0.040865384615384616
0 0.06850961538461539 0.3473557692307692 0.03125 0.040865384615384616
0 0.12740384615384615 0.3485576923076923 0.04807692307692308 0.057692307692307696
0 0.18509615384615385 0.34975961538461536 0.02403846153846154 0.040865384615384616
0 0.21153846153846154 0.3389423076923077 0.04326923076923077 0.057692307692307696
0 0.2692307692307692 0.35336538461538464 0.04326923076923077 0.0673076923076923
0 0.36538461538461536 0.3605769230769231 0.038461538461538464 0.04326923076923077
0 0.421875 0.34975961538461536 0.036057692307692304 0.04567307692307692
0 0.4675480769230769 0.3641826923076923 0.040865384615384616 0.05048076923076923
0 0.5036057692307693 0.35697115384615385 0.040865384615384616 0.055288461538461536
0 0.5348557692307693 0.3545673076923077 0.036057692307692304 0.04567307692307692
0 0.578125 0.3605769230769231 0.040865384615384616 0.057692307692307696