0 0.6286057692307693 0.42788461538461536 0.055288461538461536 0.06971153846153846
0 0.6911057692307693 0.43149038461538464 0.06490384615384616 0.08173076923076923
0 0.17427884615384615 0.4266826923076923 0.05048076923076923 0.07692307692307693
0 0.22235576923076922 0.4266826923076923 0.04567307692307692 0.0673076923076923
0 0.5372596153846154 0.42908653846153844 0.05048076923076923 0.0673076923076923
0 0.390625 0.44350961538461536 0.05048076923076923 0.0625
0 0.03245192307692308 0.46274038461538464 0.05048076923076923 0.057692307692307696
0 0.04326923076923077 0.43028846153846156 0.038461538461538464 0.04567307692307692
0 0.32211538461538464 0.43149038461538464 0.038461538461538464 0.04807692307692308
0 0.2956730769230769 0.42908653846153844 0.028846153846153848 0.052884615384615384
0 0.45072115384615385 0.4411057692307692 0.036057692307692304 0.052884615384615384