1 0.37740384615384615 0.3605769230769231 0.11538461538461539 0.14182692307692307
1 0.1346153846153846 0.3473557692307692 0.07692307692307693 0.08173076923076923
1 0.23076923076923078 0.34375 0.09615384615384616 0.0985576923076923
1 0.4963942307692308 0.29447115384615385 0.04567307692307692 0.057692307692307696
1 0.8701923076923077 0.4110576923076923 0.16826923076923078 0.20432692307692307
1 0.6033653846153846 0.3245192307692308 0.04807692307692308 0.04567307692307692
1 0.9182692307692307 0.2848557692307692 0.03365384615384615 0.03365384615384615
1 0.3786057692307692 0.020432692307692308 0.11778846153846154 0.040865384615384616
1 0.13581730769230768 0.01201923076923077 0.07932692307692307 0.02403846153846154
1 0.23197115384615385 0.018028846153846152 0.0985576923076923 0.036057692307692304
1 0.4963942307692308 0.03365384615384615 0.04567307692307692 0.057692307692307696
1 0.6045673076923077 0.014423076923076924 0.05048076923076923 0.028846153846153848
1 0.9182692307692307 0.04326923076923077 0.03365384615384615 0.03365384615384615