0 0.054086538461538464 0.5228365384615384 0.055288461538461536 0.057692307692307696
0 0.1502403846153846 0.5072115384615384 0.07451923076923077 0.0985576923076923
0 0.24639423076923078 0.5204326923076923 0.05048076923076923 0.057692307692307696
0 0.30528846153846156 0.515625 0.0673076923076923 0.08173076923076923
1 0.375 0.5300480769230769 0.03365384615384615 0.052884615384615384
0 0.4110576923076923 0.5120192307692307 0.052884615384615384 0.06971153846153846
0 0.4483173076923077 0.5204326923076923 0.03125 0.04807692307692308
1 0.5204326923076923 0.5336538461538461 0.021634615384615384 0.04567307692307692
0 0.5504807692307693 0.5336538461538461 0.04326923076923077 0.055288461538461536
1 0.6274038461538461 0.5180288461538461 0.04326923076923077 0.0625
1 0.7572115384615384 0.5336538461538461 0.04326923076923077 0.05048076923076923