0 0.140625 0.38341346153846156 0.20432692307692307 0.2403846153846154
0 0.8569711538461539 0.3798076923076923 0.06009615384615385 0.07451923076923077
0 0.6887019230769231 0.38341346153846156 0.04567307692307692 0.07211538461538461
0 0.019230769230769232 0.37740384615384615 0.03365384615384615 0.06009615384615385
0 0.29086538461538464 0.40024038461538464 0.04326923076923077 0.0625
0 0.33653846153846156 0.38822115384615385 0.03365384615384615 0.04326923076923077
0 0.36778846153846156 0.39783653846153844 0.028846153846153848 0.038461538461538464
0 0.3942307692307692 0.38100961538461536 0.028846153846153848 0.04326923076923077
0 0.43990384615384615 0.390625 0.038461538461538464 0.052884615384615384
0 0.5060096153846154 0.3858173076923077 0.026442307692307692 0.03365384615384615
0 0.5564903846153846 0.3870192307692308 0.036057692307692304 0.04567307692307692
0 0.6069711538461539 0.39903846153846156 0.026442307692307692 0.03125
0 0.6466346153846154 0.39783653846153844 0.038461538461538464 0.04807692307692308
0 0.7307692307692307 0.40865384615384615 0.03365384615384615 0.040865384615384616
0 0.7692307692307693 0.4050480769230769 0.028846153846153848 0.03365384615384615
0 0.9170673076923077 0.390625 0.036057692307692304 0.04807692307692308
0 0.13942307692307693 0.03365384615384615 0.20673076923076922 0.0673076923076923