0 0.30528846153846156 0.35216346153846156 0.0625 0.08173076923076923
0 0.8257211538461539 0.3449519230769231 0.06971153846153846 0.08173076923076923
0 0.6286057692307693 0.32572115384615385 0.055288461538461536 0.07211538461538461
0 0.44711538461538464 0.35096153846153844 0.052884615384615384 0.06009615384615385
0 0.08052884615384616 0.37740384615384615 0.055288461538461536 0.06971153846153846
0 0.5877403846153846 0.36177884615384615 0.036057692307692304 0.057692307692307696
0 0.796875 0.3233173076923077 0.04567307692307692 0.052884615384615384
0 0.24278846153846154 0.33533653846153844 0.028846153846153848 0.03365384615384615
0 0.19951923076923078 0.33533653846153844 0.02403846153846154 0.028846153846153848
0 0.06009615384615385 0.3389423076923077 0.038461538461538464 0.036057692307692304
0 0.30649038461538464 0.009615384615384616 0.06490384615384616 0.019230769230769232
0 0.8245192307692307 0.013221153846153846 0.07211538461538461 0.026442307692307692
0 0.6274038461538461 0.020432692307692308 0.057692307692307696 0.040865384615384616
0 0.4483173076923077 0.004807692307692308 0.055288461538461536 0.009615384615384616
0 0.7956730769230769 0.016826923076923076 0.04807692307692308 0.03365384615384615
0 0.2439903846153846 0.006009615384615385 0.03125 0.01201923076923077
0 0.20072115384615385 0.004807692307692308 0.026442307692307692 0.009615384615384616
0 0.06129807692307692 0.004807692307692308 0.040865384615384616 0.009615384615384616