1 0.6850961538461539 0.5120192307692307 0.052884615384615384 0.07692307692307693
1 0.33653846153846156 0.48677884615384615 0.03365384615384615 0.04567307692307692
1 0.3870192307692308 0.484375 0.03365384615384615 0.04567307692307692
1 0.5252403846153846 0.4795673076923077 0.036057692307692304 0.05048076923076923
1 0.5036057692307693 0.48677884615384615 0.026442307692307692 0.040865384615384616
1 0.765625 0.4879807692307692 0.040865384615384616 0.057692307692307696
1 0.7307692307692307 0.47115384615384615 0.038461538461538464 0.057692307692307696
1 0.9411057692307693 0.48677884615384615 0.04567307692307692 0.06490384615384616
0 0.6225961538461539 0.47115384615384615 0.03365384615384615 0.04326923076923077
0 0.5985576923076923 0.4735576923076923 0.028846153846153848 0.04807692307692308
0 0.5697115384615384 0.48197115384615385 0.038461538461538464 0.055288461538461536