0 0.46634615384615385 0.3293269230769231 0.0625 0.07451923076923077
0 0.6862980769230769 0.29927884615384615 0.06971153846153846 0.08173076923076923
0 0.8581730769230769 0.24759615384615385 0.10576923076923077 0.10576923076923077
0 0.6310096153846154 0.32091346153846156 0.055288461538461536 0.0673076923076923
0 0.7992788461538461 0.3112980769230769 0.06490384615384616 0.07211538461538461
0 0.3137019230769231 0.33653846153846156 0.05048076923076923 0.06490384615384616
0 0.38100961538461536 0.39783653846153844 0.036057692307692304 0.03365384615384615
0 0.4675480769230769 0.019230769230769232 0.06490384615384616 0.038461538461538464
0 0.6850961538461539 0.036057692307692304 0.07211538461538461 0.07211538461538461
0 0.8581730769230769 0.07932692307692307 0.10576923076923077 0.10576923076923077
0 0.6298076923076923 0.021634615384615384 0.057692307692307696 0.04326923076923077
0 0.7980769230769231 0.027644230769230768 0.0673076923076923 0.055288461538461536
0 0.3125 0.013221153846153846 0.052884615384615384 0.026442307692307692