0 0.203125 0.3942307692307692 0.06971153846153846 0.08653846153846154
0 0.2704326923076923 0.4182692307692308 0.05048076923076923 0.0625
1 0.3112980769230769 0.4182692307692308 0.04567307692307692 0.052884615384615384
0 0.4182692307692308 0.4254807692307692 0.057692307692307696 0.057692307692307696
0 0.5721153846153846 0.4182692307692308 0.04326923076923077 0.057692307692307696
1 0.7632211538461539 0.38221153846153844 0.0985576923076923 0.10576923076923077
0 0.20192307692307693 0.039663461538461536 0.07211538461538461 0.07932692307692307
0 0.2692307692307692 0.021634615384615384 0.052884615384615384 0.04326923076923077
1 0.31009615384615385 0.019230769230769232 0.04807692307692308 0.038461538461538464
0 0.41947115384615385 0.016826923076923076 0.06009615384615385 0.03365384615384615
0 0.5733173076923077 0.020432692307692308 0.04567307692307692 0.040865384615384616
1 0.7620192307692307 0.05048076923076923 0.10096153846153846 0.10096153846153846