1 0.7055288461538461 0.5396634615384616 0.08413461538461539 0.0985576923076923
1 0.8137019230769231 0.27524038461538464 0.06971153846153846 0.08413461538461539
1 0.8305288461538461 0.4951923076923077 0.10336538461538461 0.11057692307692307
1 0.6766826923076923 0.3004807692307692 0.055288461538461536 0.0673076923076923
1 0.46153846153846156 0.46634615384615385 0.052884615384615384 0.052884615384615384
1 0.6298076923076923 0.2776442307692308 0.052884615384615384 0.06490384615384616
1 0.4098557692307692 0.32211538461538464 0.05048076923076923 0.052884615384615384
1 0.4807692307692308 0.30528846153846156 0.04326923076923077 0.057692307692307696
1 0.5877403846153846 0.32572115384615385 0.04567307692307692 0.055288461538461536
1 0.6802884615384616 0.4951923076923077 0.057692307692307696 0.057692307692307696
1 0.46274038461538464 0.4387019230769231 0.06009615384615385 0.05048076923076923
1 0.8137019230769231 0.054086538461538464 0.06971153846153846 0.08413461538461539
1 0.6754807692307693 0.03125 0.057692307692307696 0.0625
1 0.6298076923076923 0.051682692307692304 0.052884615384615384 0.06490384615384616
1 0.40865384615384615 0.016826923076923076 0.052884615384615384 0.03365384615384615
1 0.48197115384615385 0.026442307692307692 0.04567307692307692 0.052884615384615384
1 0.5865384615384616 0.015625 0.04807692307692308 0.03125