0 0.21634615384615385 0.49399038461538464 0.0625 0.08173076923076923
0 0.7524038461538461 0.5180288461538461 0.07211538461538461 0.09134615384615384
0 0.12259615384615384 0.5048076923076923 0.10576923076923077 0.11298076923076923
0 0.8653846153846154 0.5564903846153846 0.12980769230769232 0.14423076923076922
0 0.7019230769230769 0.5096153846153846 0.057692307692307696 0.07451923076923077
0 0.27524038461538464 0.5108173076923077 0.04567307692307692 0.0673076923076923
0 0.3088942307692308 0.49158653846153844 0.036057692307692304 0.04326923076923077
0 0.3401442307692308 0.4891826923076923 0.03125 0.04326923076923077
0 0.46153846153846156 0.49278846153846156 0.03365384615384615 0.036057692307692304
0 0.5612980769230769 0.4963942307692308 0.036057692307692304 0.04326923076923077
0 0.6177884615384616 0.5012019230769231 0.04326923076923077 0.052884615384615384