0 0.08052884615384616 0.37740384615384615 0.06490384615384616 0.06490384615384616
0 0.109375 0.4074519230769231 0.036057692307692304 0.04326923076923077
0 0.14182692307692307 0.4074519230769231 0.028846153846153848 0.038461538461538464
0 0.2283653846153846 0.3786057692307692 0.04326923076923077 0.04807692307692308
1 0.2620192307692308 0.390625 0.03365384615384615 0.04807692307692308
0 0.32572115384615385 0.39663461538461536 0.03125 0.05048076923076923
0 0.35096153846153844 0.3942307692307692 0.03365384615384615 0.036057692307692304
0 0.43509615384615385 0.3870192307692308 0.028846153846153848 0.036057692307692304
0 0.4639423076923077 0.39783653846153844 0.028846153846153848 0.03365384615384615
0 0.5276442307692307 0.39663461538461536 0.036057692307692304 0.036057692307692304
0 0.5588942307692307 0.4110576923076923 0.026442307692307692 0.036057692307692304
0 0.5949519230769231 0.41346153846153844 0.026442307692307692 0.036057692307692304
0 0.6947115384615384 0.40865384615384615 0.02403846153846154 0.036057692307692304
0 0.8461538461538461 0.38100961538461536 0.028846153846153848 0.038461538461538464
0 0.8209134615384616 0.38341346153846156 0.021634615384615384 0.028846153846153848
0 0.08052884615384616 0.0733173076923077 0.06490384615384616 0.06490384615384616
0 0.109375 0.040865384615384616 0.036057692307692304 0.04326923076923077
0 0.14182692307692307 0.040865384615384616 0.028846153846153848 0.038461538461538464
0 0.2283653846153846 0.06971153846153846 0.04326923076923077 0.04807692307692308
1 0.2620192307692308 0.057692307692307696 0.03365384615384615 0.04807692307692308
0 0.32572115384615385 0.054086538461538464 0.03125 0.05048076923076923
0 0.35096153846153844 0.056490384615384616 0.03365384615384615 0.036057692307692304
0 0.43509615384615385 0.06370192307692307 0.028846153846153848 0.036057692307692304
0 0.4639423076923077 0.05048076923076923 0.028846153846153848 0.03365384615384615
0 0.5276442307692307 0.054086538461538464 0.036057692307692304 0.036057692307692304
0 0.5588942307692307 0.039663461538461536 0.026442307692307692 0.036057692307692304
0 0.5949519230769231 0.037259615384615384 0.026442307692307692 0.036057692307692304
0 0.6947115384615384 0.042067307692307696 0.02403846153846154 0.036057692307692304
0 0.8461538461538461 0.0673076923076923 0.028846153846153848 0.038461538461538464
0 0.8209134615384616 0.06490384615384616 0.021634615384615384 0.028846153846153848