1 0.8629807692307693 0.3329326923076923 0.07211538461538461 0.08413461538461539
1 0.6430288461538461 0.3425480769230769 0.055288461538461536 0.06490384615384616
1 0.39783653846153844 0.36538461538461536 0.03125 0.038461538461538464
1 0.43509615384615385 0.36778846153846156 0.038461538461538464 0.052884615384615384
1 0.4795673076923077 0.3545673076923077 0.03125 0.040865384615384616
1 0.5012019230769231 0.34975961538461536 0.026442307692307692 0.040865384615384616
1 0.5348557692307693 0.35096153846153844 0.036057692307692304 0.04807692307692308
1 0.5853365384615384 0.3389423076923077 0.040865384615384616 0.057692307692307696
1 0.765625 0.35216346153846156 0.040865384615384616 0.05048076923076923
1 0.8100961538461539 0.359375 0.03365384615384615 0.040865384615384616
1 0.9807692307692307 0.3317307692307692 0.02403846153846154 0.07692307692307693
1 0.8629807692307693 0.10216346153846154 0.07211538461538461 0.08413461538461539
1 0.6430288461538461 0.09254807692307693 0.055288461538461536 0.06490384615384616
1 0.39783653846153844 0.0673076923076923 0.03125 0.038461538461538464
1 0.43509615384615385 0.06490384615384616 0.038461538461538464 0.052884615384615384
1 0.4795673076923077 0.08052884615384616 0.03125 0.040865384615384616
1 0.5012019230769231 0.08533653846153846 0.026442307692307692 0.040865384615384616
1 0.5348557692307693 0.08173076923076923 0.036057692307692304 0.04807692307692308
1 0.5853365384615384 0.09375 0.040865384615384616 0.057692307692307696
1 0.765625 0.0829326923076923 0.040865384615384616 0.05048076923076923
1 0.8100961538461539 0.07572115384615384 0.03365384615384615 0.040865384615384616
1 0.9807692307692307 0.10096153846153846 0.02403846153846154 0.07692307692307693