1 0.6358173076923077 0.4375 0.07451923076923077 0.09375
1 0.36177884615384615 0.3737980769230769 0.04567307692307692 0.0673076923076923
1 0.4723557692307692 0.4014423076923077 0.03125 0.040865384615384616
1 0.5228365384615384 0.39783653846153844 0.03125 0.038461538461538464
0 0.7644230769230769 0.38822115384615385 0.04807692307692308 0.057692307692307696
1 0.4110576923076923 0.39302884615384615 0.028846153846153848 0.038461538461538464
1 0.6346153846153846 0.02283653846153846 0.07692307692307693 0.04567307692307692
1 0.36177884615384615 0.06009615384615385 0.04567307692307692 0.0673076923076923
1 0.4723557692307692 0.03485576923076923 0.03125 0.040865384615384616
1 0.5228365384615384 0.036057692307692304 0.03125 0.038461538461538464
0 0.7644230769230769 0.04567307692307692 0.04807692307692308 0.057692307692307696
1 0.4110576923076923 0.040865384615384616 0.028846153846153848 0.038461538461538464