1 0.9242788461538461 0.5108173076923077 0.14182692307692307 0.17067307692307693
1 0.7536057692307693 0.21995192307692307 0.11298076923076923 0.10336538461538461
1 0.4735576923076923 0.3870192307692308 0.11057692307692307 0.15384615384615385
1 0.10576923076923077 0.2704326923076923 0.10096153846153846 0.10817307692307693
1 0.6694711538461539 0.4014423076923077 0.11298076923076923 0.15384615384615385
1 0.2860576923076923 0.3641826923076923 0.12980769230769232 0.19471153846153846
1 0.3125 0.21033653846153846 0.10576923076923077 0.0985576923076923
1 0.7932692307692307 0.37259615384615385 0.11057692307692307 0.1201923076923077
1 0.5300480769230769 0.16346153846153846 0.10336538461538461 0.08173076923076923
1 0.7524038461538461 0.039663461538461536 0.11538461538461539 0.07932692307692307
1 0.10697115384615384 0.015625 0.10336538461538461 0.03125
1 0.3137019230769231 0.04326923076923077 0.10817307692307693 0.08653846153846154
1 0.5300480769230769 0.08173076923076923 0.10336538461538461 0.08173076923076923