1 0.19230769230769232 0.43149038461538464 0.04807692307692308 0.057692307692307696
1 0.7620192307692307 0.4326923076923077 0.04326923076923077 0.05048076923076923
1 0.12860576923076922 0.41346153846153844 0.05048076923076923 0.06009615384615385
1 0.2932692307692308 0.4230769230769231 0.038461538461538464 0.055288461538461536
1 0.3762019230769231 0.43028846153846156 0.040865384615384616 0.055288461538461536
1 0.41466346153846156 0.4387019230769231 0.03125 0.04326923076923077
1 0.47716346153846156 0.43990384615384615 0.026442307692307692 0.036057692307692304
1 0.5072115384615384 0.4266826923076923 0.03365384615384615 0.04807692307692308
1 0.5432692307692307 0.43509615384615385 0.02403846153846154 0.05048076923076923
1 0.5721153846153846 0.4254807692307692 0.038461538461538464 0.055288461538461536
1 0.6057692307692307 0.4387019230769231 0.03365384615384615 0.04807692307692308
1 0.6694711538461539 0.4338942307692308 0.040865384615384616 0.052884615384615384
1 0.7175480769230769 0.4326923076923077 0.040865384615384616 0.05048076923076923