1 0.042067307692307696 0.45072115384615385 0.07932692307692307 0.12740384615384615
1 0.10817307692307693 0.46153846153846156 0.07211538461538461 0.11538461538461539
1 0.20793269230769232 0.4519230769230769 0.11298076923076923 0.13942307692307693
1 0.34975961538461536 0.4483173076923077 0.09375 0.13221153846153846
1 0.3125 0.3954326923076923 0.08173076923076923 0.12259615384615384
1 0.515625 0.421875 0.08413461538461539 0.11778846153846154
1 0.484375 0.3870192307692308 0.06971153846153846 0.08173076923076923
1 0.6478365384615384 0.4495192307692308 0.0889423076923077 0.125
1 0.7620192307692307 0.38100961538461536 0.11538461538461539 0.1466346153846154
1 0.6334134615384616 0.36538461538461536 0.0889423076923077 0.08653846153846154
1 0.8822115384615384 0.4326923076923077 0.08173076923076923 0.08173076923076923
1 0.9591346153846154 0.3786057692307692 0.0673076923076923 0.16105769230769232
0 0.4723557692307692 0.47115384615384615 0.0889423076923077 0.10576923076923077
1 0.109375 0.015625 0.07451923076923077 0.03125
1 0.20673076923076922 0.026442307692307692 0.11538461538461539 0.052884615384615384
1 0.3485576923076923 0.026442307692307692 0.09615384615384616 0.052884615384615384
1 0.3137019230769231 0.05048076923076923 0.08413461538461539 0.10096153846153846
1 0.5144230769230769 0.036057692307692304 0.08653846153846154 0.07211538461538461
1 0.484375 0.04567307692307692 0.06971153846153846 0.08173076923076923
1 0.6466346153846154 0.02403846153846154 0.09134615384615384 0.04807692307692308
1 0.7632211538461539 0.06370192307692307 0.11778846153846154 0.12740384615384615
1 0.6334134615384616 0.0673076923076923 0.0889423076923077 0.08653846153846154
1 0.8834134615384616 0.021634615384615384 0.08413461538461539 0.04326923076923077
1 0.9603365384615384 0.06850961538461539 0.06971153846153846 0.13701923076923078