0 0.27163461538461536 0.3918269230769231 0.07211538461538461 0.08413461538461539
0 0.7896634615384616 0.3701923076923077 0.07451923076923077 0.08413461538461539
0 0.16947115384615385 0.40865384615384615 0.07451923076923077 0.07932692307692307
0 0.4050480769230769 0.3870192307692308 0.06971153846153846 0.07451923076923077
0 0.6358173076923077 0.38822115384615385 0.06490384615384616 0.07692307692307693
0 0.030048076923076924 0.39783653846153844 0.05048076923076923 0.0625
0 0.9507211538461539 0.38100961538461536 0.05048076923076923 0.052884615384615384
0 0.12259615384615384 0.40384615384615385 0.03365384615384615 0.05048076923076923
0 0.27163461538461536 0.04447115384615385 0.07211538461538461 0.08413461538461539
0 0.7896634615384616 0.06610576923076923 0.07451923076923077 0.08413461538461539
0 0.16826923076923078 0.03365384615384615 0.07692307692307693 0.0673076923076923
0 0.4050480769230769 0.04927884615384615 0.06971153846153846 0.07451923076923077
0 0.6358173076923077 0.04567307692307692 0.06490384615384616 0.07692307692307693
0 0.030048076923076924 0.036057692307692304 0.05048076923076923 0.0625
0 0.9507211538461539 0.052884615384615384 0.05048076923076923 0.052884615384615384
0 0.12259615384615384 0.03245192307692308 0.03365384615384615 0.05048076923076923