0 0.859375 0.375 0.07932692307692307 0.08653846153846154
0 0.45913461538461536 0.41346153846153844 0.0673076923076923 0.09134615384615384
0 0.2403846153846154 0.4050480769230769 0.07692307692307693 0.10336538461538461
0 0.03245192307692308 0.4675480769230769 0.06009615384615385 0.0889423076923077
0 0.1814903846153846 0.39663461538461536 0.06490384615384616 0.08173076923076923
0 0.7451923076923077 0.3581730769230769 0.09615384615384616 0.11057692307692307
0 0.5540865384615384 0.40384615384615385 0.09375 0.11057692307692307
0 0.9387019230769231 0.4014423076923077 0.055288461538461536 0.0673076923076923
0 0.7007211538461539 0.3870192307692308 0.06009615384615385 0.09615384615384616
0 0.3473557692307692 0.38822115384615385 0.0889423076923077 0.11298076923076923
0 0.078125 0.43149038461538464 0.04567307692307692 0.08413461538461539
0 0.859375 0.052884615384615384 0.07932692307692307 0.08653846153846154
0 0.46033653846153844 0.03125 0.06971153846153846 0.0625
0 0.24158653846153846 0.038461538461538464 0.07932692307692307 0.07692307692307693
0 0.18028846153846154 0.037259615384615384 0.0673076923076923 0.07451923076923077
0 0.7451923076923077 0.06971153846153846 0.09615384615384616 0.11057692307692307
0 0.5528846153846154 0.040865384615384616 0.09615384615384616 0.08173076923076923
0 0.9375 0.03125 0.057692307692307696 0.0625
0 0.6995192307692307 0.04567307692307692 0.0625 0.09134615384615384
0 0.34615384615384615 0.04927884615384615 0.09134615384615384 0.0985576923076923
0 0.07692307692307693 0.020432692307692308 0.04807692307692308 0.040865384615384616