1 0.6802884615384616 0.6105769230769231 0.07211538461538461 0.09134615384615384
1 0.8918269230769231 0.5372596153846154 0.0625 0.08413461538461539
1 0.49278846153846156 0.6153846153846154 0.08173076923076923 0.10096153846153846
1 0.7331730769230769 0.5829326923076923 0.0625 0.07451923076923077
1 0.9435096153846154 0.5240384615384616 0.055288461538461536 0.07692307692307693
1 0.1814903846153846 0.5084134615384616 0.06009615384615385 0.07932692307692307
1 0.17908653846153846 0.6033653846153846 0.06009615384615385 0.07692307692307693
1 0.6153846153846154 0.5288461538461539 0.057692307692307696 0.0673076923076923
1 0.265625 0.671875 0.08413461538461539 0.12259615384615384
1 0.7776442307692307 0.5072115384615384 0.06009615384615385 0.08653846153846154
1 0.53125 0.5625 0.0673076923076923 0.0673076923076923
1 0.29447115384615385 0.5649038461538461 0.05048076923076923 0.0673076923076923
1 0.5540865384615384 0.5048076923076923 0.05048076923076923 0.057692307692307696
1 0.4567307692307692 0.47475961538461536 0.04807692307692308 0.06009615384615385
1 0.4182692307692308 0.5564903846153846 0.052884615384615384 0.06009615384615385
1 0.2644230769230769 0.9591346153846154 0.08653846153846154 0.07211538461538461