1 0.7776442307692307 0.5649038461538461 0.06490384615384616 0.06971153846153846
1 0.19951923076923078 0.5048076923076923 0.04326923076923077 0.040865384615384616
1 0.4230769230769231 0.49759615384615385 0.052884615384615384 0.055288461538461536
1 0.4387019230769231 0.39903846153846156 0.03125 0.036057692307692304
1 0.3918269230769231 0.41346153846153844 0.03365384615384615 0.03125
1 0.8233173076923077 0.39663461538461536 0.04567307692307692 0.04567307692307692
1 0.9459134615384616 0.49278846153846156 0.040865384615384616 0.040865384615384616
1 0.9747596153846154 0.41466346153846156 0.040865384615384616 0.052884615384615384
1 0.8822115384615384 0.40024038461538464 0.028846153846153848 0.04326923076923077
1 0.4375 0.008413461538461538 0.03365384615384615 0.016826923076923076
1 0.8221153846153846 0.01201923076923077 0.04807692307692308 0.02403846153846154
1 0.9735576923076923 0.004807692307692308 0.04326923076923077 0.009615384615384616
1 0.8834134615384616 0.009615384615384616 0.03125 0.019230769230769232