1 0.8125 0.45913461538461536 0.04807692307692308 0.0673076923076923
1 0.5757211538461539 0.4387019230769231 0.04567307692307692 0.06971153846153846
0 0.9302884615384616 0.4675480769230769 0.09615384615384616 0.12259615384615384
0 0.2824519230769231 0.4651442307692308 0.05048076923076923 0.06971153846153846
0 0.4795673076923077 0.4639423076923077 0.055288461538461536 0.0673076923076923
0 0.3425480769230769 0.46634615384615385 0.03125 0.038461538461538464
0 0.0733173076923077 0.484375 0.055288461538461536 0.055288461538461536
1 0.17548076923076922 0.47475961538461536 0.038461538461538464 0.040865384615384616
1 0.640625 0.46033653846153844 0.026442307692307692 0.04567307692307692
1 0.6646634615384616 0.46274038461538464 0.026442307692307692 0.040865384615384616
1 0.6165865384615384 0.46033653846153844 0.021634615384615384 0.040865384615384616
0 0.5300480769230769 0.46274038461538464 0.021634615384615384 0.04567307692307692
0 0.4362980769230769 0.45552884615384615 0.03125 0.036057692307692304
0 0.38461538461538464 0.47596153846153844 0.028846153846153848 0.03365384615384615