1 0.9002403846153846 0.2403846153846154 0.09375 0.11057692307692307
1 0.8221153846153846 0.5697115384615384 0.12980769230769232 0.14182692307692307
1 0.5408653846153846 0.23918269230769232 0.057692307692307696 0.06971153846153846
1 0.35096153846153844 0.25841346153846156 0.0673076923076923 0.07211538461538461
1 0.15745192307692307 0.375 0.06490384615384616 0.06009615384615385
1 0.7836538461538461 0.2800480769230769 0.04807692307692308 0.057692307692307696
1 0.8834134615384616 0.40625 0.06009615384615385 0.0889423076923077
1 0.6754807692307693 0.421875 0.057692307692307696 0.057692307692307696
1 0.6911057692307693 0.25721153846153844 0.04567307692307692 0.055288461538461536
1 0.37740384615384615 0.3016826923076923 0.038461538461538464 0.052884615384615384
1 0.3545673076923077 0.38100961538461536 0.09375 0.09615384615384616
1 0.9002403846153846 0.07211538461538461 0.09375 0.11057692307692307
1 0.5408653846153846 0.07572115384615384 0.057692307692307696 0.06971153846153846
1 0.35096153846153844 0.055288461538461536 0.0673076923076923 0.07211538461538461
1 0.7836538461538461 0.03365384615384615 0.04807692307692308 0.057692307692307696
1 0.6911057692307693 0.05889423076923077 0.04567307692307692 0.055288461538461536
1 0.3786057692307692 0.020432692307692308 0.040865384615384616 0.040865384615384616