0 0.8954326923076923 0.3701923076923077 0.06971153846153846 0.0985576923076923
0 0.32211538461538464 0.3713942307692308 0.08173076923076923 0.09615384615384616
0 0.5564903846153846 0.36899038461538464 0.06971153846153846 0.09134615384615384
0 0.039663461538461536 0.3557692307692308 0.06971153846153846 0.11778846153846154
0 0.8305288461538461 0.4074519230769231 0.11298076923076923 0.14903846153846154
0 0.11778846153846154 0.3858173076923077 0.1201923076923077 0.14423076923076922
0 0.4831730769230769 0.38822115384615385 0.08653846153846154 0.10576923076923077
0 0.2403846153846154 0.33052884615384615 0.10576923076923077 0.14423076923076922
0 0.703125 0.36899038461538464 0.09375 0.12980769230769232
0 0.375 0.36778846153846156 0.057692307692307696 0.06971153846153846
0 0.6370192307692307 0.375 0.04807692307692308 0.07451923076923077
0 0.038461538461538464 0.016826923076923076 0.07211538461538461 0.03365384615384615
0 0.24158653846153846 0.036057692307692304 0.10817307692307693 0.07211538461538461
0 0.7019230769230769 0.013221153846153846 0.09615384615384616 0.026442307692307692