1 0.15264423076923078 0.3557692307692308 0.06490384615384616 0.07932692307692307
1 0.4543269230769231 0.38100961538461536 0.057692307692307696 0.0673076923076923
1 0.29447115384615385 0.375 0.055288461538461536 0.07451923076923077
1 0.22716346153846154 0.36899038461538464 0.055288461538461536 0.0673076923076923
1 0.8052884615384616 0.33533653846153844 0.10096153846153846 0.11057692307692307
1 0.3798076923076923 0.390625 0.04807692307692308 0.0625
1 0.5252403846153846 0.3858173076923077 0.05048076923076923 0.0673076923076923
1 0.6177884615384616 0.40024038461538464 0.04807692307692308 0.04807692307692308
1 0.35216346153846156 0.3641826923076923 0.04567307692307692 0.052884615384615384
1 0.11298076923076923 0.36538461538461536 0.028846153846153848 0.06009615384615385
1 0.15264423076923078 0.08533653846153846 0.06490384615384616 0.07932692307692307
1 0.4543269230769231 0.057692307692307696 0.057692307692307696 0.0673076923076923
1 0.29447115384615385 0.06610576923076923 0.055288461538461536 0.07451923076923077
1 0.22716346153846154 0.06971153846153846 0.055288461538461536 0.0673076923076923
1 0.8052884615384616 0.10336538461538461 0.10096153846153846 0.11057692307692307
1 0.3798076923076923 0.04807692307692308 0.04807692307692308 0.0625
1 0.5252403846153846 0.052884615384615384 0.05048076923076923 0.0673076923076923
1 0.6177884615384616 0.038461538461538464 0.04807692307692308 0.04807692307692308
1 0.35216346153846156 0.07451923076923077 0.04567307692307692 0.052884615384615384
1 0.11298076923076923 0.07572115384615384 0.028846153846153848 0.06009615384615385