1 0.1658653846153846 0.2848557692307692 0.07692307692307693 0.09134615384615384
1 0.7728365384615384 0.2800480769230769 0.06971153846153846 0.07211538461538461
1 0.23677884615384615 0.2668269230769231 0.06971153846153846 0.0889423076923077
1 0.44591346153846156 0.3317307692307692 0.06490384615384616 0.07932692307692307
1 0.65625 0.33413461538461536 0.057692307692307696 0.055288461538461536
1 0.6899038461538461 0.30649038461538464 0.03365384615384615 0.04807692307692308
1 0.1658653846153846 0.04447115384615385 0.07692307692307693 0.0889423076923077
1 0.7728365384615384 0.04807692307692308 0.06971153846153846 0.07211538461538461
1 0.23677884615384615 0.06370192307692307 0.06971153846153846 0.0889423076923077
1 0.44471153846153844 0.019230769230769232 0.0673076923076923 0.038461538461538464
1 0.6574519230769231 0.01201923076923077 0.06009615384615385 0.02403846153846154
1 0.6899038461538461 0.02283653846153846 0.03365384615384615 0.04567307692307692