1 0.14543269230769232 0.33653846153846156 0.0889423076923077 0.11057692307692307
1 0.8822115384615384 0.3713942307692308 0.07211538461538461 0.09375
1 0.375 0.38221153846153844 0.04807692307692308 0.0673076923076923
1 0.09375 0.35096153846153844 0.03365384615384615 0.0625
0 0.5841346153846154 0.33413461538461536 0.0625 0.07692307692307693
0 0.28846153846153844 0.3713942307692308 0.0625 0.07451923076923077
0 0.4423076923076923 0.3641826923076923 0.057692307692307696 0.07451923076923077
0 0.7283653846153846 0.3786057692307692 0.052884615384615384 0.06009615384615385
0 0.8173076923076923 0.3713942307692308 0.052884615384615384 0.06490384615384616
0 0.5024038461538461 0.3545673076923077 0.057692307692307696 0.06971153846153846
1 0.14423076923076922 0.028846153846153848 0.09134615384615384 0.057692307692307696
1 0.09495192307692307 0.009615384615384616 0.036057692307692304 0.019230769230769232
0 0.5853365384615384 0.021634615384615384 0.06490384615384616 0.04326923076923077
0 0.44350961538461536 0.006009615384615385 0.06009615384615385 0.01201923076923077
0 0.5036057692307693 0.009615384615384616 0.06009615384615385 0.019230769230769232