1 0.9495192307692307 0.23317307692307693 0.0673076923076923 0.08173076923076923
1 0.625 0.7536057692307693 0.1346153846153846 0.14182692307692307
1 0.6682692307692307 0.24158653846153846 0.08173076923076923 0.11298076923076923
1 0.8689903846153846 0.24278846153846154 0.06971153846153846 0.07692307692307693
1 0.4699519230769231 0.3016826923076923 0.0985576923076923 0.11778846153846154
1 0.8894230769230769 0.35697115384615385 0.09134615384615384 0.09375
1 0.7487980769230769 0.3954326923076923 0.0985576923076923 0.11778846153846154
1 0.2704326923076923 0.19951923076923078 0.05048076923076923 0.057692307692307696
1 0.21514423076923078 0.23197115384615385 0.05048076923076923 0.06971153846153846
1 0.9495192307692307 0.09375 0.0673076923076923 0.08173076923076923
1 0.625 0.9026442307692307 0.1346153846153846 0.14182692307692307
1 0.6682692307692307 0.08774038461538461 0.08173076923076923 0.11298076923076923
1 0.8689903846153846 0.08413461538461539 0.06971153846153846 0.07692307692307693
1 0.46875 0.04326923076923077 0.10096153846153846 0.08653846153846154
1 0.890625 0.009615384615384616 0.09375 0.019230769230769232
1 0.2704326923076923 0.12740384615384615 0.05048076923076923 0.057692307692307696
1 0.21514423076923078 0.09735576923076923 0.05048076923076923 0.06971153846153846