1 0.2764423076923077 0.44350961538461536 0.04326923076923077 0.04326923076923077
1 0.36177884615384615 0.47716346153846156 0.04567307692307692 0.04326923076923077
1 0.5036057692307693 0.43028846153846156 0.040865384615384616 0.04567307692307692
1 0.8088942307692307 0.31971153846153844 0.026442307692307692 0.036057692307692304
0 0.125 0.6658653846153846 0.07211538461538461 0.04567307692307692
0 0.17668269230769232 0.4951923076923077 0.04567307692307692 0.040865384615384616
0 0.07451923076923077 0.5913461538461539 0.057692307692307696 0.06009615384615385
0 0.125 0.6165865384615384 0.0673076923076923 0.052884615384615384
0 0.25721153846153844 0.5120192307692307 0.04807692307692308 0.04567307692307692
0 0.33052884615384615 0.5336538461538461 0.055288461538461536 0.04567307692307692
0 0.4362980769230769 0.5096153846153846 0.055288461538461536 0.055288461538461536
0 0.5564903846153846 0.45072115384615385 0.055288461538461536 0.04807692307692308
0 0.6298076923076923 0.31971153846153844 0.03365384615384615 0.03125
0 0.6850961538461539 0.31850961538461536 0.028846153846153848 0.02403846153846154
1 0.59375 0.35697115384615385 0.03365384615384615 0.03365384615384615
1 0.7668269230769231 0.31490384615384615 0.03365384615384615 0.03125