1 0.13581730769230768 0.5204326923076923 0.036057692307692304 0.038461538461538464
1 0.4987980769230769 0.7211538461538461 0.040865384615384616 0.04567307692307692
1 0.34975961538461536 0.6983173076923077 0.036057692307692304 0.04326923076923077
1 0.30408653846153844 0.7235576923076923 0.036057692307692304 0.04567307692307692
1 0.3485576923076923 0.46875 0.04326923076923077 0.040865384615384616
1 0.22956730769230768 0.4567307692307692 0.040865384615384616 0.040865384615384616
1 0.49759615384615385 0.5576923076923077 0.03365384615384615 0.036057692307692304
1 0.5697115384615384 0.5504807692307693 0.03365384615384615 0.040865384615384616
1 0.4987980769230769 0.9435096153846154 0.040865384615384616 0.04567307692307692
1 0.34975961538461536 0.9639423076923077 0.036057692307692304 0.04326923076923077
1 0.30408653846153844 0.9411057692307693 0.036057692307692304 0.04567307692307692