1 0.11538461538461539 0.21634615384615385 0.11538461538461539 0.09615384615384616
1 0.33653846153846156 0.33533653846153844 0.04807692307692308 0.057692307692307696
1 0.4987980769230769 0.43149038461538464 0.055288461538461536 0.057692307692307696
1 0.4375 0.24759615384615385 0.052884615384615384 0.057692307692307696
1 0.5180288461538461 0.25841346153846156 0.040865384615384616 0.04807692307692308
1 0.5661057692307693 0.2536057692307692 0.04567307692307692 0.0625
1 0.11538461538461539 0.11538461538461539 0.11538461538461539 0.09615384615384616
1 0.33774038461538464 0.014423076923076924 0.05048076923076923 0.028846153846153848
1 0.4375 0.08413461538461539 0.052884615384615384 0.057692307692307696
1 0.5180288461538461 0.07451923076923077 0.040865384615384616 0.04807692307692308
1 0.5661057692307693 0.07932692307692307 0.04567307692307692 0.0625