1 0.5997596153846154 0.328125 0.06490384615384616 0.07692307692307693
1 0.24158653846153846 0.3425480769230769 0.06009615384615385 0.08173076923076923
1 0.7944711538461539 0.36658653846153844 0.07451923076923077 0.08173076923076923
1 0.7067307692307693 0.3557692307692308 0.057692307692307696 0.06490384615384616
1 0.44471153846153844 0.3557692307692308 0.052884615384615384 0.06971153846153846
1 0.2956730769230769 0.3473557692307692 0.04807692307692308 0.0673076923076923
1 0.3449519230769231 0.36899038461538464 0.040865384615384616 0.0625
1 0.5108173076923077 0.3894230769230769 0.03125 0.04567307692307692
1 0.5516826923076923 0.375 0.040865384615384616 0.06009615384615385
1 0.5985576923076923 0.020432692307692308 0.0673076923076923 0.040865384615384616
1 0.2403846153846154 0.014423076923076924 0.0625 0.028846153846153848
1 0.296875 0.008413461538461538 0.05048076923076923 0.016826923076923076