1 0.038461538461538464 0.3088942307692308 0.0625 0.07211538461538461
1 0.3918269230769231 0.3605769230769231 0.057692307692307696 0.06009615384615385
1 0.3762019230769231 0.33052884615384615 0.06009615384615385 0.0625
1 0.5853365384615384 0.42788461538461536 0.04567307692307692 0.06009615384615385
1 0.7836538461538461 0.36538461538461536 0.04807692307692308 0.05048076923076923
1 0.6622596153846154 0.33413461538461536 0.04567307692307692 0.055288461538461536
1 0.4855769230769231 0.3425480769230769 0.04326923076923077 0.057692307692307696
1 0.5168269230769231 0.35336538461538464 0.038461538461538464 0.055288461538461536
1 0.2403846153846154 0.4338942307692308 0.038461538461538464 0.038461538461538464
1 0.039663461538461536 0.028846153846153848 0.06490384615384616 0.057692307692307696
1 0.375 0.015625 0.0625 0.03125
1 0.6610576923076923 0.01201923076923077 0.04807692307692308 0.02403846153846154
1 0.48677884615384615 0.008413461538461538 0.04567307692307692 0.016826923076923076