1 0.2536057692307692 0.578125 0.06971153846153846 0.057692307692307696
1 0.5276442307692307 0.6778846153846154 0.016826923076923076 0.03125
1 0.8377403846153846 0.7211538461538461 0.021634615384615384 0.03125
1 0.6502403846153846 0.7007211538461539 0.016826923076923076 0.02403846153846154
1 0.5649038461538461 0.6983173076923077 0.019230769230769232 0.02403846153846154
1 0.6213942307692307 0.6959134615384616 0.016826923076923076 0.02403846153846154
1 0.5264423076923077 0.9819711538461539 0.019230769230769232 0.026442307692307692
1 0.8377403846153846 0.9435096153846154 0.021634615384615384 0.03125
1 0.6502403846153846 0.9615384615384616 0.016826923076923076 0.02403846153846154
1 0.5649038461538461 0.9639423076923077 0.019230769230769232 0.02403846153846154
1 0.6213942307692307 0.9663461538461539 0.016826923076923076 0.02403846153846154