1 0.8064903846153846 0.33533653846153844 0.1466346153846154 0.1971153846153846
1 0.5084134615384616 0.4206730769230769 0.17548076923076922 0.20432692307692307
1 0.18629807692307693 0.5492788461538461 0.17548076923076922 0.1971153846153846
1 0.18509615384615385 0.3317307692307692 0.12980769230769232 0.21394230769230768
1 0.39783653846153844 0.40865384615384615 0.15144230769230768 0.19471153846153846
1 0.08774038461538461 0.34134615384615385 0.13701923076923078 0.24278846153846154
1 0.3269230769230769 0.2956730769230769 0.12980769230769232 0.11778846153846154
1 0.8052884615384616 0.046875 0.14903846153846154 0.09375
1 0.18629807692307693 0.052884615384615384 0.13221153846153846 0.10576923076923077
1 0.08653846153846154 0.055288461538461536 0.13942307692307693 0.11057692307692307
1 0.328125 0.046875 0.13221153846153846 0.09375