1 0.13942307692307693 0.5612980769230769 0.16346153846153846 0.19230769230769232
1 0.24158653846153846 0.48197115384615385 0.0985576923076923 0.12980769230769232
1 0.41346153846153844 0.5036057692307693 0.057692307692307696 0.08173076923076923
1 0.3954326923076923 0.45552884615384615 0.040865384615384616 0.04326923076923077
1 0.45072115384615385 0.4519230769230769 0.05048076923076923 0.06490384615384616
1 0.5576923076923077 0.4579326923076923 0.057692307692307696 0.08173076923076923
1 0.6418269230769231 0.6706730769230769 0.2644230769230769 0.21394230769230768
1 0.7391826923076923 0.5228365384615384 0.0985576923076923 0.10576923076923077
1 0.8173076923076923 0.47836538461538464 0.09134615384615384 0.10336538461538461
1 0.9639423076923077 0.5516826923076923 0.057692307692307696 0.18269230769230768
1 0.7115384615384616 0.4266826923076923 0.057692307692307696 0.08173076923076923
1 0.6081730769230769 0.4807692307692308 0.10096153846153846 0.07932692307692307
1 0.6081730769230769 0.5757211538461539 0.16826923076923078 0.13942307692307693
1 0.6682692307692307 0.4879807692307692 0.057692307692307696 0.07932692307692307
1 0.6394230769230769 0.43028846153846156 0.0673076923076923 0.05048076923076923
1 0.140625 0.9483173076923077 0.1658653846153846 0.09375
1 0.4495192307692308 0.008413461538461538 0.052884615384615384 0.016826923076923076
1 0.5588942307692307 0.009615384615384616 0.06009615384615385 0.019230769230769232
1 0.6418269230769231 0.890625 0.2644230769230769 0.21394230769230768
1 0.9651442307692307 0.9555288461538461 0.06009615384615385 0.07932692307692307
1 0.7127403846153846 0.025240384615384616 0.06009615384615385 0.05048076923076923
1 0.609375 0.9543269230769231 0.17067307692307693 0.08173076923076923
1 0.640625 0.015625 0.06971153846153846 0.03125