0 0.16706730769230768 0.359375 0.06971153846153846 0.08653846153846154
0 0.34615384615384615 0.3545673076923077 0.04807692307692308 0.07211538461538461
0 0.4411057692307692 0.37740384615384615 0.04567307692307692 0.06490384615384616
0 0.11177884615384616 0.3798076923076923 0.040865384615384616 0.06009615384615385
0 0.3016826923076923 0.3737980769230769 0.036057692307692304 0.057692307692307696
0 0.4855769230769231 0.38221153846153844 0.038461538461538464 0.05048076923076923
0 0.5396634615384616 0.3870192307692308 0.036057692307692304 0.040865384615384616
0 0.23677884615384615 0.37259615384615385 0.05048076923076923 0.055288461538461536
0 0.02403846153846154 0.3894230769230769 0.04326923076923077 0.04567307692307692
0 0.5985576923076923 0.3894230769230769 0.038461538461538464 0.040865384615384616
0 0.6838942307692307 0.36177884615384615 0.04567307692307692 0.057692307692307696
0 0.7487980769230769 0.38341346153846156 0.03125 0.04326923076923077
0 0.1658653846153846 0.009615384615384616 0.07211538461538461 0.019230769230769232
0 0.3473557692307692 0.008413461538461538 0.05048076923076923 0.016826923076923076