1 0.7283653846153846 0.6274038461538461 0.057692307692307696 0.07211538461538461
1 0.5576923076923077 0.5036057692307693 0.038461538461538464 0.05048076923076923
1 0.6129807692307693 0.484375 0.038461538461538464 0.04567307692307692
0 0.028846153846153848 0.6334134615384616 0.04326923076923077 0.04567307692307692
0 0.12139423076923077 0.6310096153846154 0.04567307692307692 0.05048076923076923
0 0.19230769230769232 0.5817307692307693 0.04326923076923077 0.04326923076923077
0 0.4074519230769231 0.38341346153846156 0.026442307692307692 0.026442307692307692
0 0.37259615384615385 0.5324519230769231 0.03365384615384615 0.036057692307692304
0 0.8257211538461539 0.4735576923076923 0.036057692307692304 0.038461538461538464
0 0.25 0.5456730769230769 0.03365384615384615 0.03365384615384615
0 0.2127403846153846 0.5288461538461539 0.036057692307692304 0.038461538461538464
0 0.31850961538461536 0.5372596153846154 0.036057692307692304 0.040865384615384616
0 0.2824519230769231 0.5060096153846154 0.040865384615384616 0.036057692307692304
0 0.421875 0.5120192307692307 0.040865384615384616 0.03365384615384615
0 0.38461538461538464 0.48197115384615385 0.038461538461538464 0.040865384615384616
0 0.4495192307692308 0.45913461538461536 0.03365384615384615 0.03365384615384615
0 0.5600961538461539 0.4254807692307692 0.03365384615384615 0.038461538461538464
0 0.6598557692307693 0.39663461538461536 0.03125 0.03365384615384615
0 0.33774038461538464 0.5132211538461539 0.03125 0.040865384615384616
0 0.1971153846153846 0.3545673076923077 0.02403846153846154 0.03125