0 0.2848557692307692 0.3317307692307692 0.07451923076923077 0.08413461538461539
0 0.17307692307692307 0.39903846153846156 0.04326923076923077 0.05048076923076923
0 0.22716346153846154 0.3713942307692308 0.05048076923076923 0.0673076923076923
0 0.296875 0.390625 0.04567307692307692 0.057692307692307696
0 0.4254807692307692 0.4326923076923077 0.038461538461538464 0.05048076923076923
0 0.5733173076923077 0.42427884615384615 0.04567307692307692 0.04807692307692308
0 0.2848557692307692 0.1045673076923077 0.07451923076923077 0.08413461538461539
0 0.17307692307692307 0.037259615384615384 0.04326923076923077 0.05048076923076923
0 0.22716346153846154 0.0625 0.05048076923076923 0.0673076923076923
0 0.296875 0.04326923076923077 0.04567307692307692 0.057692307692307696
0 0.4266826923076923 0.014423076923076924 0.040865384615384616 0.028846153846153848
0 0.5721153846153846 0.018028846153846152 0.04807692307692308 0.036057692307692304