1 0.6490384615384616 0.5096153846153846 0.13942307692307693 0.12740384615384615
1 0.8954326923076923 0.35336538461538464 0.18990384615384615 0.21875
1 0.890625 0.34615384615384615 0.18990384615384615 0.21875
1 0.037259615384615384 0.25961538461538464 0.05048076923076923 0.06490384615384616
1 0.25721153846153844 0.28846153846153844 0.038461538461538464 0.05048076923076923
1 0.3329326923076923 0.45913461538461536 0.055288461538461536 0.055288461538461536
1 0.4987980769230769 0.4495192307692308 0.04567307692307692 0.05048076923076923
1 0.41346153846153844 0.44591346153846156 0.04326923076923077 0.04807692307692308
1 0.15144230769230768 0.23076923076923078 0.052884615384615384 0.052884615384615384
1 0.578125 0.44350961538461536 0.040865384615384616 0.052884615384615384
1 0.8942307692307693 0.04326923076923077 0.19230769230769232 0.08653846153846154
1 0.8894230769230769 0.046875 0.19230769230769232 0.09375
1 0.037259615384615384 0.07091346153846154 0.05048076923076923 0.06490384615384616
1 0.25721153846153844 0.042067307692307696 0.038461538461538464 0.05048076923076923
1 0.15144230769230768 0.09615384615384616 0.052884615384615384 0.052884615384615384