1 0.4807692307692308 0.328125 0.07692307692307693 0.09375
1 0.7716346153846154 0.30408653846153844 0.07211538461538461 0.09375
1 0.6658653846153846 0.27163461538461536 0.08173076923076923 0.10096153846153846
1 0.5492788461538461 0.3329326923076923 0.055288461538461536 0.06971153846153846
1 0.6286057692307693 0.3233173076923077 0.05048076923076923 0.07451923076923077
1 0.8521634615384616 0.3004807692307692 0.04567307692307692 0.07211538461538461
1 0.2848557692307692 0.296875 0.05048076923076923 0.06009615384615385
1 0.890625 0.2920673076923077 0.036057692307692304 0.07932692307692307
1 0.9158653846153846 0.296875 0.03365384615384615 0.05048076923076923
1 0.9435096153846154 0.29086538461538464 0.021634615384615384 0.052884615384615384
1 0.7175480769230769 0.3137019230769231 0.055288461538461536 0.06009615384615385
1 0.7728365384615384 0.009615384615384616 0.07451923076923077 0.019230769230769232
1 0.6670673076923077 0.027644230769230768 0.08413461538461539 0.055288461538461536
1 0.8509615384615384 0.006009615384615385 0.04807692307692308 0.01201923076923077
1 0.28365384615384615 0.004807692307692308 0.052884615384615384 0.009615384615384616
1 0.8894230769230769 0.01201923076923077 0.038461538461538464 0.02403846153846154
1 0.9423076923076923 0.006009615384615385 0.02403846153846154 0.01201923076923077