0 0.14903846153846154 0.4050480769230769 0.04326923076923077 0.052884615384615384
0 0.39903846153846156 0.4050480769230769 0.04326923076923077 0.04807692307692308
0 0.5276442307692307 0.4110576923076923 0.040865384615384616 0.04567307692307692
0 0.6165865384615384 0.4170673076923077 0.05048076923076923 0.04807692307692308
0 0.7151442307692307 0.4026442307692308 0.04567307692307692 0.052884615384615384
0 0.8377403846153846 0.4230769230769231 0.040865384615384616 0.04567307692307692
0 0.14903846153846154 0.028846153846153848 0.04326923076923077 0.052884615384615384
0 0.39903846153846156 0.028846153846153848 0.04326923076923077 0.04807692307692308
0 0.5276442307692307 0.025240384615384616 0.040865384615384616 0.04567307692307692
0 0.6153846153846154 0.021634615384615384 0.052884615384615384 0.04326923076923077
0 0.7151442307692307 0.03125 0.04567307692307692 0.052884615384615384
0 0.8365384615384616 0.018028846153846152 0.04326923076923077 0.036057692307692304