0 0.9663461538461539 0.6129807692307693 0.03365384615384615 0.04567307692307692
0 0.13581730769230768 0.5576923076923077 0.03125 0.040865384615384616
0 0.17307692307692307 0.5733173076923077 0.04326923076923077 0.052884615384615384
0 0.2608173076923077 0.5685096153846154 0.040865384615384616 0.04326923076923077
0 0.34134615384615385 0.5745192307692307 0.03365384615384615 0.03125
0 0.39903846153846156 0.5901442307692307 0.03365384615384615 0.04326923076923077
0 0.49158653846153844 0.6009615384615384 0.04567307692307692 0.04567307692307692
0 0.5228365384615384 0.5829326923076923 0.026442307692307692 0.03365384615384615
0 0.5480769230769231 0.5793269230769231 0.03365384615384615 0.04567307692307692
0 0.5925480769230769 0.5961538461538461 0.03125 0.03125
0 0.6225961538461539 0.6045673076923077 0.04326923076923077 0.04807692307692308
0 0.6790865384615384 0.6105769230769231 0.036057692307692304 0.040865384615384616
0 0.7644230769230769 0.5973557692307693 0.04326923076923077 0.04807692307692308
0 0.8413461538461539 0.6057692307692307 0.038461538461538464 0.04567307692307692
0 0.9074519230769231 0.6213942307692307 0.040865384615384616 0.038461538461538464