0 0.2439903846153846 0.5120192307692307 0.07451923076923077 0.06971153846153846
0 0.20192307692307693 0.6358173076923077 0.14903846153846154 0.15384615384615385
0 0.6117788461538461 0.5516826923076923 0.07932692307692307 0.09615384615384616
0 0.65625 0.5252403846153846 0.04807692307692308 0.07692307692307693
0 0.32572115384615385 0.49399038461538464 0.04567307692307692 0.057692307692307696
0 0.4375 0.49399038461538464 0.038461538461538464 0.04807692307692308
0 0.5396634615384616 0.4831730769230769 0.04567307692307692 0.04567307692307692
0 0.7295673076923077 0.4951923076923077 0.04567307692307692 0.055288461538461536
0 0.8665865384615384 0.5192307692307693 0.06490384615384616 0.07451923076923077
0 0.9182692307692307 0.5108173076923077 0.057692307692307696 0.0673076923076923
0 0.203125 0.9699519230769231 0.15144230769230768 0.05048076923076923