1 0.21634615384615385 0.3762019230769231 0.07692307692307693 0.06971153846153846
1 0.07211538461538461 0.36658653846153844 0.09615384615384616 0.09375
1 0.234375 0.3016826923076923 0.055288461538461536 0.06009615384615385
1 0.6069711538461539 0.2848557692307692 0.04567307692307692 0.05048076923076923
1 0.16706730769230768 0.23677884615384615 0.04567307692307692 0.036057692307692304
1 0.3894230769230769 0.23918269230769232 0.04326923076923077 0.040865384615384616
0 0.453125 0.5240384615384616 0.07451923076923077 0.08653846153846154
0 0.32211538461538464 0.24158653846153846 0.03365384615384615 0.04567307692307692
0 0.37740384615384615 0.25841346153846156 0.04807692307692308 0.055288461538461536
0 0.7139423076923077 0.27283653846153844 0.11538461538461539 0.10817307692307693
0 0.7992788461538461 0.2620192307692308 0.06009615384615385 0.08653846153846154
0 0.9735576923076923 0.2536057692307692 0.04326923076923077 0.06490384615384616
0 0.9471153846153846 0.2668269230769231 0.04326923076923077 0.0673076923076923
1 0.21634615384615385 0.05889423076923077 0.07692307692307693 0.06971153846153846
1 0.07211538461538461 0.06850961538461539 0.09615384615384616 0.09375
1 0.234375 0.13341346153846154 0.055288461538461536 0.06009615384615385
1 0.6069711538461539 0.1502403846153846 0.04567307692307692 0.05048076923076923
1 0.16706730769230768 0.19831730769230768 0.04567307692307692 0.036057692307692304
1 0.3894230769230769 0.19591346153846154 0.04326923076923077 0.040865384615384616
0 0.32211538461538464 0.1935096153846154 0.03365384615384615 0.04567307692307692
0 0.37740384615384615 0.17668269230769232 0.04807692307692308 0.055288461538461536
0 0.7139423076923077 0.1622596153846154 0.11538461538461539 0.10817307692307693
0 0.7992788461538461 0.17067307692307693 0.06009615384615385 0.08653846153846154
0 0.9735576923076923 0.1814903846153846 0.04326923076923077 0.06490384615384616
0 0.9471153846153846 0.1658653846153846 0.04326923076923077 0.0673076923076923