1 0.8569711538461539 0.640625 0.06490384615384616 0.08173076923076923
1 0.6057692307692307 0.6009615384615384 0.04807692307692308 0.07451923076923077
1 0.21634615384615385 0.6141826923076923 0.04326923076923077 0.057692307692307696
1 0.9675480769230769 0.5901442307692307 0.04567307692307692 0.0625
1 0.12980769230769232 0.6141826923076923 0.04326923076923077 0.0673076923076923
1 0.09134615384615384 0.6262019230769231 0.057692307692307696 0.07692307692307693
1 0.5024038461538461 0.6117788461538461 0.04807692307692308 0.0625
1 0.7764423076923077 0.6009615384615384 0.04326923076923077 0.06009615384615385
1 0.8197115384615384 0.6057692307692307 0.028846153846153848 0.05048076923076923
1 0.4362980769230769 0.609375 0.021634615384615384 0.03365384615384615
1 0.5444711538461539 0.6081730769230769 0.026442307692307692 0.036057692307692304
1 0.46634615384615385 0.6165865384615384 0.019230769230769232 0.03365384615384615