1 0.46153846153846156 0.27403846153846156 0.057692307692307696 0.07692307692307693
1 0.5913461538461539 0.27283653846153844 0.0673076923076923 0.09375
1 0.2800480769230769 0.2776442307692308 0.09375 0.11778846153846154
1 0.45552884615384615 0.3737980769230769 0.0985576923076923 0.11298076923076923
1 0.5072115384615384 0.3317307692307692 0.08173076923076923 0.10576923076923077
1 0.5625 0.3004807692307692 0.038461538461538464 0.07692307692307693
0 0.9663461538461539 0.21875 0.057692307692307696 0.10576923076923077
0 0.055288461538461536 0.3233173076923077 0.04326923076923077 0.040865384615384616
0 0.10216346153846154 0.32091346153846156 0.026442307692307692 0.026442307692307692
1 0.46153846153846156 0.052884615384615384 0.057692307692307696 0.07692307692307693
1 0.5913461538461539 0.056490384615384616 0.0673076923076923 0.09375
1 0.27884615384615385 0.055288461538461536 0.09615384615384616 0.11057692307692307
1 0.5084134615384616 0.025240384615384616 0.08413461538461539 0.05048076923076923
1 0.5637019230769231 0.03365384615384615 0.040865384615384616 0.0673076923076923
0 0.9663461538461539 0.10817307692307693 0.057692307692307696 0.10576923076923077
0 0.056490384615384616 0.013221153846153846 0.04567307692307692 0.026442307692307692
0 0.10096153846153846 0.010817307692307692 0.028846153846153848 0.021634615384615384