0 0.06370192307692307 0.359375 0.06490384615384616 0.08413461538461539
0 0.1814903846153846 0.31971153846153844 0.06490384615384616 0.08173076923076923
0 0.22596153846153846 0.265625 0.052884615384615384 0.07932692307692307
0 0.30528846153846156 0.3269230769230769 0.0625 0.08173076923076923
0 0.3629807692307692 0.30528846153846156 0.057692307692307696 0.08173076923076923
0 0.4266826923076923 0.25721153846153844 0.05048076923076923 0.057692307692307696
0 0.4735576923076923 0.3329326923076923 0.0625 0.06971153846153846
0 0.5 0.2800480769230769 0.04807692307692308 0.06971153846153846
0 0.6081730769230769 0.2824519230769231 0.057692307692307696 0.06971153846153846
0 0.8040865384615384 0.3870192307692308 0.055288461538461536 0.0625
0 0.6622596153846154 0.28725961538461536 0.05048076923076923 0.06971153846153846
0 0.9399038461538461 0.35697115384615385 0.0673076923076923 0.0985576923076923
0 0.8377403846153846 0.32091346153846156 0.055288461538461536 0.06971153846153846
0 0.765625 0.28846153846153844 0.06490384615384616 0.07692307692307693
0 0.7584134615384616 0.2283653846153846 0.04567307692307692 0.057692307692307696
0 0.8353365384615384 0.25240384615384615 0.055288461538461536 0.0625
0 0.22716346153846154 0.010817307692307692 0.055288461538461536 0.021634615384615384
0 0.4254807692307692 0.009615384615384616 0.052884615384615384 0.019230769230769232
0 0.7572115384615384 0.02403846153846154 0.04807692307692308 0.04807692307692308
0 0.8341346153846154 0.013221153846153846 0.057692307692307696 0.026442307692307692