1 0.18870192307692307 0.2776442307692308 0.12259615384615384 0.12980769230769232
1 0.3942307692307692 0.2512019230769231 0.10576923076923077 0.07692307692307693
1 0.5192307692307693 0.3545673076923077 0.07692307692307693 0.10096153846153846
1 0.6033653846153846 0.3605769230769231 0.08173076923076923 0.11778846153846154
1 0.6814903846153846 0.33533653846153844 0.10817307692307693 0.14903846153846154
0 0.39663461538461536 0.34375 0.16346153846153846 0.17548076923076922
0 0.7151442307692307 0.5456730769230769 0.25721153846153844 0.2920673076923077
0 0.7752403846153846 0.34615384615384615 0.13221153846153846 0.1658653846153846
1 0.1875 0.05889423076923077 0.125 0.11778846153846154
1 0.3942307692307692 0.07692307692307693 0.10576923076923077 0.07692307692307693
1 0.5204326923076923 0.013221153846153846 0.07932692307692307 0.026442307692307692
1 0.6045673076923077 0.014423076923076924 0.08413461538461539 0.028846153846153848
1 0.6802884615384616 0.03485576923076923 0.11057692307692307 0.06971153846153846
0 0.39783653846153844 0.037259615384615384 0.1658653846153846 0.07451923076923077
0 0.7740384615384616 0.03365384615384615 0.1346153846153846 0.0673076923076923