0 0.3245192307692308 0.33052884615384615 0.0673076923076923 0.09134615384615384
0 0.78125 0.3317307692307692 0.07692307692307693 0.07451923076923077
0 0.41586538461538464 0.35336538461538464 0.057692307692307696 0.06971153846153846
0 0.6274038461538461 0.3329326923076923 0.07692307692307693 0.09134615384615384
0 0.5264423076923077 0.3605769230769231 0.052884615384615384 0.06971153846153846
0 0.5961538461538461 0.3389423076923077 0.03365384615384615 0.07451923076923077
0 0.9495192307692307 0.3605769230769231 0.028846153846153848 0.036057692307692304
0 0.32572115384615385 0.02283653846153846 0.06971153846153846 0.04567307692307692
0 0.7824519230769231 0.018028846153846152 0.07932692307692307 0.036057692307692304
0 0.4170673076923077 0.006009615384615385 0.06009615384615385 0.01201923076923077
0 0.6286057692307693 0.021634615384615384 0.07932692307692307 0.04326923076923077
0 0.5973557692307693 0.014423076923076924 0.036057692307692304 0.028846153846153848