0 0.8774038461538461 0.3485576923076923 0.11057692307692307 0.14182692307692307
0 0.3858173076923077 0.38341346153846156 0.0889423076923077 0.10576923076923077
0 0.6141826923076923 0.359375 0.09375 0.12980769230769232
0 0.21033653846153846 0.3641826923076923 0.10817307692307693 0.14903846153846154
0 0.7247596153846154 0.34375 0.07451923076923077 0.11298076923076923
0 0.09975961538461539 0.38100961538461536 0.10336538461538461 0.125
0 0.8774038461538461 0.09735576923076923 0.11057692307692307 0.14182692307692307
0 0.3858173076923077 0.06009615384615385 0.0889423076923077 0.10576923076923077
0 0.6141826923076923 0.08413461538461539 0.09375 0.12980769230769232
0 0.21033653846153846 0.07932692307692307 0.10817307692307693 0.14903846153846154
0 0.7247596153846154 0.10216346153846154 0.07451923076923077 0.11298076923076923