1 0.4951923076923077 0.21514423076923078 0.07692307692307693 0.0889423076923077
1 0.7668269230769231 0.46033653846153844 0.07692307692307693 0.07451923076923077
1 0.33653846153846156 0.25 0.0625 0.08173076923076923
1 0.04326923076923077 0.3557692307692308 0.04807692307692308 0.057692307692307696
1 0.21634615384615385 0.36658653846153844 0.057692307692307696 0.06009615384615385
1 0.9471153846153846 0.3786057692307692 0.03365384615384615 0.040865384615384616
1 0.9639423076923077 0.27884615384615385 0.028846153846153848 0.038461538461538464
1 0.9026442307692307 0.3389423076923077 0.03125 0.038461538461538464
0 0.11298076923076923 0.3485576923076923 0.057692307692307696 0.0625
0 0.7043269230769231 0.33413461538461536 0.03365384615384615 0.03365384615384615
0 0.7788461538461539 0.37740384615384615 0.038461538461538464 0.03365384615384615
0 0.6394230769230769 0.3425480769230769 0.028846153846153848 0.036057692307692304
1 0.4963942307692308 0.038461538461538464 0.07932692307692307 0.07692307692307693
1 0.33774038461538464 0.019230769230769232 0.06490384615384616 0.038461538461538464