1 0.84375 0.3545673076923077 0.07211538461538461 0.08173076923076923
1 0.9278846153846154 0.34134615384615385 0.0625 0.07932692307692307
1 0.7103365384615384 0.34134615384615385 0.05048076923076923 0.06971153846153846
1 0.4110576923076923 0.34375 0.04807692307692308 0.06490384615384616
1 0.5576923076923077 0.35096153846153844 0.057692307692307696 0.06971153846153846
1 0.6598557692307693 0.3401442307692308 0.040865384615384616 0.0625
1 0.296875 0.3629807692307692 0.04567307692307692 0.06009615384615385
1 0.49158653846153844 0.3449519230769231 0.040865384615384616 0.057692307692307696
1 0.09735576923076923 0.3449519230769231 0.04567307692307692 0.0625
1 0.18629807692307693 0.42908653846153844 0.06009615384615385 0.04807692307692308
1 0.19230769230769232 0.35336538461538464 0.03365384615384615 0.04567307692307692
1 0.7572115384615384 0.36177884615384615 0.04807692307692308 0.08173076923076923
1 0.5300480769230769 0.3629807692307692 0.040865384615384616 0.06490384615384616