1 0.5625 0.2800480769230769 0.09615384615384616 0.125
1 0.8173076923076923 0.2980769230769231 0.10576923076923077 0.14182692307692307
1 0.5048076923076923 0.3641826923076923 0.10576923076923077 0.12980769230769232
1 0.3641826923076923 0.3329326923076923 0.10336538461538461 0.1346153846153846
1 0.671875 0.35216346153846156 0.10817307692307693 0.125
1 0.22716346153846154 0.2932692307692308 0.09375 0.12740384615384615
1 0.5637019230769231 0.056490384615384616 0.0985576923076923 0.11298076923076923
1 0.8185096153846154 0.051682692307692304 0.10817307692307693 0.10336538461538461
1 0.5060096153846154 0.015625 0.10817307692307693 0.03125
1 0.3629807692307692 0.03245192307692308 0.10576923076923077 0.06490384615384616
1 0.6706730769230769 0.020432692307692308 0.11057692307692307 0.040865384615384616
1 0.22596153846153846 0.05048076923076923 0.09615384615384616 0.10096153846153846