1 0.09615384615384616 0.3161057692307692 0.057692307692307696 0.06490384615384616
0 0.7644230769230769 0.29447115384615385 0.07211538461538461 0.09375
0 0.16826923076923078 0.28725961538461536 0.0625 0.06971153846153846
0 0.42427884615384615 0.25961538461538464 0.07451923076923077 0.09615384615384616
0 0.9050480769230769 0.265625 0.06009615384615385 0.07932692307692307
0 0.5625 0.29927884615384615 0.057692307692307696 0.07932692307692307
0 0.6622596153846154 0.3269230769230769 0.055288461538461536 0.07211538461538461
0 0.3173076923076923 0.31971153846153844 0.057692307692307696 0.07692307692307693
1 0.27884615384615385 0.3233173076923077 0.028846153846153848 0.04567307692307692
0 0.5240384615384616 0.31490384615384615 0.03365384615384615 0.057692307692307696
0 0.9495192307692307 0.30288461538461536 0.057692307692307696 0.0673076923076923
0 0.37740384615384615 0.3076923076923077 0.04326923076923077 0.057692307692307696
1 0.09735576923076923 0.027644230769230768 0.06009615384615385 0.055288461538461536
0 0.765625 0.04567307692307692 0.07451923076923077 0.09134615384615384
0 0.16826923076923078 0.051682692307692304 0.0625 0.06971153846153846
0 0.42427884615384615 0.07692307692307693 0.07451923076923077 0.09615384615384616
0 0.9050480769230769 0.0733173076923077 0.06009615384615385 0.07932692307692307
0 0.6610576923076923 0.02403846153846154 0.057692307692307696 0.04807692307692308
0 0.31850961538461536 0.028846153846153848 0.06009615384615385 0.057692307692307696
1 0.2800480769230769 0.019230769230769232 0.03125 0.038461538461538464
0 0.5252403846153846 0.026442307692307692 0.036057692307692304 0.052884615384615384