1 0.2403846153846154 0.44711538461538464 0.0673076923076923 0.07692307692307693
1 0.7103365384615384 0.42908653846153844 0.06009615384615385 0.07932692307692307
1 0.5769230769230769 0.46153846153846156 0.057692307692307696 0.08653846153846154
1 0.078125 0.41466346153846156 0.10336538461538461 0.10817307692307693
1 0.14783653846153846 0.3737980769230769 0.13701923076923078 0.14182692307692307
1 0.039663461538461536 0.42908653846153844 0.06971153846153846 0.08413461538461539
1 0.8485576923076923 0.4338942307692308 0.09615384615384616 0.10336538461538461
1 0.45072115384615385 0.43509615384615385 0.06009615384615385 0.07692307692307693
1 0.29447115384615385 0.44711538461538464 0.05048076923076923 0.0625
1 0.7091346153846154 0.013221153846153846 0.0625 0.026442307692307692
1 0.07692307692307693 0.027644230769230768 0.10576923076923077 0.055288461538461536
1 0.1466346153846154 0.056490384615384616 0.13942307692307693 0.11298076923076923
1 0.038461538461538464 0.014423076923076924 0.07211538461538461 0.028846153846153848
1 0.8497596153846154 0.016826923076923076 0.0985576923076923 0.03365384615384615
1 0.4495192307692308 0.009615384615384616 0.0625 0.019230769230769232