0 0.2127403846153846 0.4362980769230769 0.055288461538461536 0.06009615384615385
0 0.40384615384615385 0.45072115384615385 0.03365384615384615 0.036057692307692304
0 0.4807692307692308 0.44471153846153844 0.03365384615384615 0.038461538461538464
0 0.5564903846153846 0.44471153846153844 0.036057692307692304 0.04326923076923077
0 0.6634615384615384 0.43990384615384615 0.03365384615384615 0.038461538461538464
0 0.7067307692307693 0.44471153846153844 0.03365384615384615 0.038461538461538464
0 0.7403846153846154 0.4495192307692308 0.03365384615384615 0.03365384615384615
0 0.8088942307692307 0.43990384615384615 0.036057692307692304 0.04807692307692308
0 0.8605769230769231 0.41586538461538464 0.03365384615384615 0.03365384615384615
0 0.8665865384615384 0.44350961538461536 0.04567307692307692 0.04567307692307692
0 0.9146634615384616 0.41586538461538464 0.03125 0.04326923076923077
0 0.9387019230769231 0.43028846153846156 0.026442307692307692 0.03365384615384615
0 0.9867788461538461 0.4338942307692308 0.016826923076923076 0.055288461538461536