1 0.3076923076923077 0.22596153846153846 0.08653846153846154 0.10096153846153846
1 0.9026442307692307 0.3004807692307692 0.06490384615384616 0.07211538461538461
1 0.53125 0.2860576923076923 0.052884615384615384 0.0673076923076923
1 0.5985576923076923 0.27884615384615385 0.0673076923076923 0.07211538461538461
1 0.49278846153846156 0.22355769230769232 0.03365384615384615 0.04326923076923077
1 0.7127403846153846 0.21634615384615385 0.036057692307692304 0.052884615384615384
1 0.8233173076923077 0.24278846153846154 0.05048076923076923 0.052884615384615384
1 0.7944711538461539 0.21875 0.036057692307692304 0.04807692307692308
1 0.5564903846153846 0.23197115384615385 0.026442307692307692 0.04567307692307692
1 0.8461538461538461 0.23076923076923078 0.03365384615384615 0.04807692307692308
1 0.3088942307692308 0.036057692307692304 0.0889423076923077 0.07211538461538461
1 0.025240384615384616 0.037259615384615384 0.05048076923076923 0.07451923076923077
1 0.7127403846153846 0.028846153846153848 0.036057692307692304 0.052884615384615384
1 0.8221153846153846 0.015625 0.052884615384615384 0.03125
1 0.7944711538461539 0.026442307692307692 0.036057692307692304 0.04807692307692308
1 0.5552884615384616 0.019230769230769232 0.028846153846153848 0.038461538461538464
1 0.8473557692307693 0.020432692307692308 0.036057692307692304 0.040865384615384616