1 0.41346153846153844 0.43028846153846156 0.08173076923076923 0.09134615384615384
1 0.6117788461538461 0.41947115384615385 0.06971153846153846 0.06971153846153846
1 0.7319711538461539 0.1875 0.055288461538461536 0.038461538461538464
1 0.38822115384615385 0.24879807692307693 0.040865384615384616 0.04567307692307692
1 0.765625 0.20072115384615385 0.040865384615384616 0.04567307692307692
1 0.8125 0.20192307692307693 0.02403846153846154 0.03365384615384615
1 0.8677884615384616 0.18990384615384615 0.02403846153846154 0.028846153846153848
1 0.8846153846153846 0.20072115384615385 0.02403846153846154 0.026442307692307692
1 0.7319711538461539 0.14423076923076922 0.055288461538461536 0.038461538461538464
1 0.38822115384615385 0.08533653846153846 0.040865384615384616 0.04567307692307692
1 0.765625 0.13341346153846154 0.040865384615384616 0.04567307692307692
1 0.8125 0.12980769230769232 0.02403846153846154 0.03365384615384615
1 0.8677884615384616 0.14182692307692307 0.02403846153846154 0.028846153846153848
1 0.8846153846153846 0.13341346153846154 0.02403846153846154 0.026442307692307692