1 0.19591346153846154 0.40865384615384615 0.055288461538461536 0.06490384615384616
1 0.3545673076923077 0.41346153846153844 0.05048076923076923 0.055288461538461536
1 0.5949519230769231 0.4050480769230769 0.04567307692307692 0.057692307692307696
1 0.4651442307692308 0.4206730769230769 0.040865384615384616 0.05048076923076923
1 0.2439903846153846 0.41586538461538464 0.040865384615384616 0.05048076923076923
1 0.5576923076923077 0.41586538461538464 0.03365384615384615 0.05048076923076923
1 0.6394230769230769 0.421875 0.04326923076923077 0.04807692307692308
1 0.40865384615384615 0.43028846153846156 0.028846153846153848 0.040865384615384616
1 0.3762019230769231 0.4206730769230769 0.026442307692307692 0.040865384615384616
0 0.29447115384615385 0.43028846153846156 0.03125 0.040865384615384616
1 0.19471153846153846 0.030048076923076924 0.057692307692307696 0.06009615384615385
1 0.35336538461538464 0.025240384615384616 0.052884615384615384 0.05048076923076923
1 0.4639423076923077 0.020432692307692308 0.04326923076923077 0.040865384615384616
1 0.24278846153846154 0.02283653846153846 0.04326923076923077 0.04567307692307692
1 0.5588942307692307 0.02283653846153846 0.036057692307692304 0.04567307692307692
1 0.640625 0.019230769230769232 0.04567307692307692 0.038461538461538464
1 0.4098557692307692 0.013221153846153846 0.03125 0.026442307692307692
1 0.375 0.018028846153846152 0.028846153846153848 0.036057692307692304
0 0.2932692307692308 0.013221153846153846 0.03365384615384615 0.026442307692307692
0 0.02283653846153846 0.03125 0.04567307692307692 0.0625