0 0.8521634615384616 0.41466346153846156 0.07451923076923077 0.0889423076923077
0 0.22235576923076922 0.3954326923076923 0.06971153846153846 0.07932692307692307
0 0.6658653846153846 0.36778846153846156 0.052884615384615384 0.057692307692307696
0 0.625 0.375 0.04326923076923077 0.052884615384615384
0 0.265625 0.3629807692307692 0.04567307692307692 0.052884615384615384
0 0.36658653846153844 0.3473557692307692 0.03125 0.03125
0 0.5685096153846154 0.3557692307692308 0.04567307692307692 0.04807692307692308
0 0.5240384615384616 0.3473557692307692 0.028846153846153848 0.040865384615384616
0 0.5060096153846154 0.35216346153846156 0.016826923076923076 0.036057692307692304
0 0.4891826923076923 0.35096153846153844 0.021634615384615384 0.038461538461538464
0 0.45913461538461536 0.34134615384615385 0.02403846153846154 0.03365384615384615
0 0.4230769230769231 0.35216346153846156 0.028846153846153848 0.036057692307692304