1 0.4098557692307692 0.25721153846153844 0.06490384615384616 0.11057692307692307
1 0.7055288461538461 0.28365384615384615 0.12259615384615384 0.16826923076923078
1 0.4735576923076923 0.28846153846153844 0.0673076923076923 0.08653846153846154
1 0.8822115384615384 0.30649038461538464 0.09615384615384616 0.12740384615384615
1 0.21634615384615385 0.3125 0.125 0.15865384615384615
1 0.10216346153846154 0.27403846153846156 0.08413461538461539 0.11538461538461539
1 0.3401442307692308 0.2860576923076923 0.0889423076923077 0.11538461538461539
1 0.5889423076923077 0.31009615384615385 0.04807692307692308 0.07211538461538461
1 0.5144230769230769 0.30288461538461536 0.02403846153846154 0.08173076923076923
1 0.27884615384615385 0.2980769230769231 0.052884615384615384 0.09134615384615384
1 0.02283653846153846 0.30649038461538464 0.040865384615384616 0.11298076923076923
1 0.5444711538461539 0.32572115384615385 0.03125 0.06009615384615385
1 0.8233173076923077 0.31490384615384615 0.04567307692307692 0.057692307692307696
1 0.40865384615384615 0.046875 0.0673076923076923 0.09375
1 0.7043269230769231 0.04807692307692308 0.125 0.09615384615384616
1 0.47475961538461536 0.025240384615384616 0.06971153846153846 0.05048076923076923
1 0.8834134615384616 0.026442307692307692 0.0985576923076923 0.052884615384615384
1 0.21754807692307693 0.03125 0.12740384615384615 0.0625
1 0.10096153846153846 0.039663461538461536 0.08653846153846154 0.07932692307692307
1 0.3389423076923077 0.03365384615384615 0.09134615384615384 0.0673076923076923
1 0.5901442307692307 0.010817307692307692 0.05048076923076923 0.021634615384615384
1 0.515625 0.016826923076923076 0.026442307692307692 0.03365384615384615
1 0.2800480769230769 0.021634615384615384 0.055288461538461536 0.04326923076923077
1 0.8221153846153846 0.004807692307692308 0.04807692307692308 0.009615384615384616