0 0.9206730769230769 0.6009615384615384 0.052884615384615384 0.057692307692307696
0 0.33052884615384615 0.47596153846153844 0.04567307692307692 0.057692307692307696
0 0.22235576923076922 0.46875 0.04567307692307692 0.052884615384615384
0 0.078125 0.46033653846153844 0.055288461538461536 0.06009615384615385
0 0.28365384615384615 0.484375 0.04807692307692308 0.06490384615384616
0 0.4495192307692308 0.5072115384615384 0.04326923076923077 0.0625
0 0.5817307692307693 0.5228365384615384 0.028846153846153848 0.040865384615384616
0 0.6069711538461539 0.5348557692307693 0.036057692307692304 0.05048076923076923
0 0.7764423076923077 0.5444711538461539 0.038461538461538464 0.040865384615384616
0 0.7680288461538461 0.5733173076923077 0.040865384615384616 0.05048076923076923
0 0.921875 0.9771634615384616 0.055288461538461536 0.036057692307692304