0 0.15745192307692307 0.49278846153846156 0.05048076923076923 0.057692307692307696
0 0.23197115384615385 0.5036057692307693 0.04567307692307692 0.05048076923076923
0 0.2860576923076923 0.49158653846153844 0.038461538461538464 0.04567307692307692
0 0.3605769230769231 0.49158653846153844 0.03365384615384615 0.05048076923076923
0 0.4387019230769231 0.47716346153846156 0.040865384615384616 0.04567307692307692
0 0.5060096153846154 0.5084134615384616 0.036057692307692304 0.04567307692307692
0 0.5625 0.49038461538461536 0.03365384615384615 0.04326923076923077
0 0.8834134615384616 0.48677884615384615 0.036057692307692304 0.04567307692307692
0 0.7824519230769231 0.4735576923076923 0.036057692307692304 0.04326923076923077
0 0.8221153846153846 0.4987980769230769 0.04326923076923077 0.04567307692307692
0 0.7512019230769231 0.5072115384615384 0.036057692307692304 0.038461538461538464
0 0.6057692307692307 0.4831730769230769 0.03365384615384615 0.04326923076923077
0 0.6514423076923077 0.4987980769230769 0.038461538461538464 0.04567307692307692
0 0.6995192307692307 0.5024038461538461 0.03365384615384615 0.04326923076923077