1 0.09134615384615384 0.3293269230769231 0.14423076923076922 0.1778846153846154
1 0.46153846153846156 0.36177884615384615 0.08173076923076923 0.11778846153846154
1 0.7764423076923077 0.35697115384615385 0.08173076923076923 0.10817307692307693
1 0.8858173076923077 0.3641826923076923 0.09375 0.10817307692307693
1 0.3858173076923077 0.36658653846153844 0.04567307692307692 0.06971153846153846
1 0.6622596153846154 0.3473557692307692 0.055288461538461536 0.07932692307692307
1 0.7283653846153846 0.37259615384615385 0.03365384615384615 0.0673076923076923
1 0.5925480769230769 0.36658653846153844 0.04567307692307692 0.06490384615384616
0 0.21153846153846154 0.3858173076923077 0.038461538461538464 0.055288461538461536
1 0.15144230769230768 0.39903846153846156 0.038461538461538464 0.0673076923076923
0 0.9723557692307693 0.36899038461538464 0.040865384615384616 0.07451923076923077
1 0.09254807692307693 0.039663461538461536 0.1466346153846154 0.07932692307692307