1 0.7199519230769231 0.47115384615384615 0.07451923076923077 0.06971153846153846
1 0.3269230769230769 0.3016826923076923 0.057692307692307696 0.052884615384615384
1 0.42427884615384615 0.28725961538461536 0.05048076923076923 0.0625
1 0.3293269230769231 0.16466346153846154 0.04326923076923077 0.055288461538461536
1 0.625 0.16346153846153846 0.04807692307692308 0.057692307692307696
1 0.8052884615384616 0.484375 0.057692307692307696 0.0673076923076923
0 0.15985576923076922 0.2800480769230769 0.040865384615384616 0.04326923076923077
0 0.040865384615384616 0.17908653846153846 0.02403846153846154 0.04567307692307692
0 0.8425480769230769 0.2980769230769231 0.040865384615384616 0.04567307692307692
0 0.7944711538461539 0.24639423076923078 0.040865384615384616 0.04567307692307692
0 0.7319711538461539 0.2247596153846154 0.04567307692307692 0.05048076923076923
0 0.6069711538461539 0.44591346153846156 0.055288461538461536 0.04807692307692308
0 0.4951923076923077 0.36778846153846156 0.057692307692307696 0.04567307692307692
0 0.5841346153846154 0.3737980769230769 0.057692307692307696 0.04807692307692308
0 0.2932692307692308 0.19591346153846154 0.04326923076923077 0.040865384615384616
0 0.41586538461538464 0.17908653846153846 0.03365384615384615 0.04567307692307692
0 0.44591346153846156 0.171875 0.036057692307692304 0.04567307692307692
0 0.47836538461538464 0.1814903846153846 0.03365384615384615 0.04567307692307692
0 0.5144230769230769 0.17548076923076922 0.03365384615384615 0.04326923076923077
0 0.5564903846153846 0.15745192307692307 0.05048076923076923 0.055288461538461536
1 0.33052884615384615 0.014423076923076924 0.04567307692307692 0.028846153846153848
1 0.6262019230769231 0.015625 0.05048076923076923 0.03125
0 0.042067307692307696 0.004807692307692308 0.026442307692307692 0.009615384615384616
0 0.4170673076923077 0.004807692307692308 0.036057692307692304 0.009615384615384616
0 0.44471153846153844 0.008413461538461538 0.038461538461538464 0.016826923076923076
0 0.4795673076923077 0.003605769230769231 0.036057692307692304 0.007211538461538462
0 0.515625 0.006009615384615385 0.036057692307692304 0.01201923076923077
0 0.5552884615384616 0.018028846153846152 0.052884615384615384 0.036057692307692304