1 0.042067307692307696 0.4050480769230769 0.06971153846153846 0.08173076923076923
1 0.5985576923076923 0.4026442307692308 0.057692307692307696 0.08173076923076923
1 0.8461538461538461 0.3112980769230769 0.14423076923076922 0.1778846153846154
1 0.27884615384615385 0.4098557692307692 0.057692307692307696 0.07211538461538461
1 0.09495192307692307 0.421875 0.05048076923076923 0.0625
1 0.140625 0.4170673076923077 0.04567307692307692 0.0625
1 0.47836538461538464 0.42788461538461536 0.052884615384615384 0.06490384615384616
1 0.3737980769230769 0.4266826923076923 0.04567307692307692 0.0625
1 0.22956730769230768 0.43149038461538464 0.040865384615384616 0.052884615384615384
1 0.5444711538461539 0.4411057692307692 0.036057692307692304 0.04326923076923077
1 0.6646634615384616 0.4338942307692308 0.040865384615384616 0.057692307692307696
1 0.8473557692307693 0.054086538461538464 0.1466346153846154 0.10817307692307693