1 0.8617788461538461 0.2776442307692308 0.08413461538461539 0.10096153846153846
1 0.5649038461538461 0.24759615384615385 0.08173076923076923 0.09134615384615384
1 0.9699519230769231 0.2704326923076923 0.05048076923076923 0.08173076923076923
1 0.8185096153846154 0.2824519230769231 0.06009615384615385 0.08173076923076923
1 0.49158653846153844 0.41947115384615385 0.13221153846153846 0.14423076923076922
1 0.21153846153846154 0.38461538461538464 0.057692307692307696 0.06009615384615385
1 0.5564903846153846 0.3401442307692308 0.05048076923076923 0.0625
1 0.7139423076923077 0.28365384615384615 0.03365384615384615 0.055288461538461536
1 0.5649038461538461 0.07932692307692307 0.08173076923076923 0.09134615384615384
1 0.9699519230769231 0.057692307692307696 0.05048076923076923 0.08173076923076923
1 0.8185096153846154 0.04567307692307692 0.06009615384615385 0.08173076923076923
1 0.5552884615384616 0.010817307692307692 0.052884615384615384 0.021634615384615384
1 0.7139423076923077 0.046875 0.03365384615384615 0.055288461538461536