1 0.5504807692307693 0.3485576923076923 0.0625 0.08413461538461539
1 0.4338942307692308 0.2920673076923077 0.08413461538461539 0.11057692307692307
1 0.24879807692307693 0.2403846153846154 0.11778846153846154 0.13942307692307693
1 0.7572115384615384 0.41586538461538464 0.04807692307692308 0.040865384615384616
1 0.6105769230769231 0.3641826923076923 0.057692307692307696 0.0673076923076923
1 0.7307692307692307 0.4026442307692308 0.0625 0.07211538461538461
1 0.8161057692307693 0.4362980769230769 0.026442307692307692 0.03365384615384615
1 0.7920673076923077 0.41947115384615385 0.026442307692307692 0.038461538461538464
1 0.8353365384615384 0.4375 0.021634615384615384 0.03125
1 0.5516826923076923 0.01201923076923077 0.06490384615384616 0.02403846153846154
1 0.4326923076923077 0.046875 0.08653846153846154 0.09375
1 0.24879807692307693 0.08653846153846154 0.11778846153846154 0.13942307692307693