1 0.7644230769230769 0.3125 0.052884615384615384 0.057692307692307696
0 0.78125 0.38461538461538464 0.07211538461538461 0.09134615384615384
0 0.24879807692307693 0.35096153846153844 0.06490384615384616 0.10096153846153846
0 0.16826923076923078 0.390625 0.10096153846153846 0.11778846153846154
0 0.8798076923076923 0.3485576923076923 0.057692307692307696 0.0625
0 0.7127403846153846 0.34375 0.05048076923076923 0.0625
0 0.9591346153846154 0.4723557692307692 0.057692307692307696 0.13221153846153846
0 0.9651442307692307 0.3389423076923077 0.04567307692307692 0.057692307692307696
0 0.9375 0.328125 0.038461538461538464 0.04567307692307692
1 0.765625 0.027644230769230768 0.055288461538461536 0.055288461538461536
0 0.24759615384615385 0.019230769230769232 0.0673076923076923 0.038461538461538464
0 0.8810096153846154 0.010817307692307692 0.06009615384615385 0.021634615384615384
0 0.7115384615384616 0.013221153846153846 0.052884615384615384 0.026442307692307692
0 0.9639423076923077 0.014423076923076924 0.04807692307692308 0.028846153846153848
0 0.9387019230769231 0.016826923076923076 0.040865384615384616 0.03365384615384615