1 0.2800480769230769 0.5024038461538461 0.05048076923076923 0.07692307692307693
1 0.8064903846153846 0.5060096153846154 0.06009615384615385 0.06490384615384616
1 0.5180288461538461 0.4807692307692308 0.04567307692307692 0.07211538461538461
1 0.38221153846153844 0.4987980769230769 0.04807692307692308 0.06490384615384616
1 0.6442307692307693 0.47596153846153844 0.052884615384615384 0.0673076923076923
1 0.5793269230769231 0.49158653846153844 0.04807692307692308 0.06971153846153846
1 0.7139423076923077 0.36538461538461536 0.057692307692307696 0.07211538461538461
1 0.6129807692307693 0.34975961538461536 0.052884615384615384 0.06971153846153846
1 0.4699519230769231 0.49399038461538464 0.04567307692307692 0.06971153846153846
1 0.5216346153846154 0.23557692307692307 0.04807692307692308 0.07211538461538461
1 0.7439903846153846 0.5108173076923077 0.055288461538461536 0.06971153846153846
1 0.15144230769230768 0.49038461538461536 0.057692307692307696 0.0625
1 0.2091346153846154 0.4699519230769231 0.04807692307692308 0.055288461538461536
1 0.24278846153846154 0.4266826923076923 0.038461538461538464 0.06009615384615385
1 0.35336538461538464 0.3786057692307692 0.04326923076923077 0.07451923076923077
1 0.46033653846153844 0.3629807692307692 0.036057692307692304 0.0625
1 0.5228365384615384 0.02403846153846154 0.05048076923076923 0.04807692307692308