1 0.09495192307692307 0.39663461538461536 0.11298076923076923 0.1658653846153846
1 0.18990384615384615 0.4423076923076923 0.15384615384615385 0.17067307692307693
1 0.26802884615384615 0.43509615384615385 0.055288461538461536 0.12740384615384615
1 0.36538461538461536 0.47836538461538464 0.04326923076923077 0.07451923076923077
1 0.39783653846153844 0.4675480769230769 0.055288461538461536 0.08653846153846154
1 0.4423076923076923 0.45072115384615385 0.08173076923076923 0.09615384615384616
1 0.5288461538461539 0.35697115384615385 0.14423076923076922 0.1778846153846154
1 0.6983173076923077 0.4170673076923077 0.10817307692307693 0.11538461538461539
1 0.8076923076923077 0.34975961538461536 0.1201923076923077 0.16826923076923078
1 0.8966346153846154 0.42788461538461536 0.08653846153846154 0.10817307692307693
1 0.9447115384615384 0.4170673076923077 0.04807692307692308 0.10576923076923077
1 0.8088942307692307 0.015625 0.12259615384615384 0.03125