1 0.7151442307692307 0.35216346153846156 0.07932692307692307 0.09375
1 0.30649038461538464 0.36177884615384615 0.0985576923076923 0.0889423076923077
1 0.5853365384615384 0.33413461538461536 0.04567307692307692 0.057692307692307696
1 0.5576923076923077 0.32572115384615385 0.028846153846153848 0.040865384615384616
1 0.6262019230769231 0.33413461538461536 0.040865384615384616 0.057692307692307696
1 0.46274038461538464 0.35336538461538464 0.021634615384615384 0.03365384615384615
0 0.9471153846153846 0.33653846153846156 0.028846153846153848 0.03365384615384615
1 0.6670673076923077 0.33653846153846156 0.026442307692307692 0.038461538461538464
1 0.7139423076923077 0.01201923076923077 0.08173076923076923 0.02403846153846154
1 0.5841346153846154 0.01201923076923077 0.04807692307692308 0.02403846153846154
1 0.5588942307692307 0.01201923076923077 0.03125 0.02403846153846154
1 0.625 0.01201923076923077 0.04326923076923077 0.02403846153846154
0 0.9483173076923077 0.004807692307692308 0.03125 0.009615384615384616
1 0.6658653846153846 0.006009615384615385 0.028846153846153848 0.01201923076923077